149961.16199999992
149961.16199999992
['5', '5', '30']
63.54552412033081
[213, 193, 208, 18, 123, 189, 175, 20, 71, 11, 134, 192, 76, 4, 63, 150, 84, 224, 212, 137, 21, 219, 185, 145, 22, 160]
[57, 140, 25, 97, 121, 91, 133, 68, 161, 207, 203, 83, 171, 206, 227, 10, 135]
[73, 172, 33, 104, 0, 34, 86, 159, 173, 110, 199, 65, 198, 5, 238, 96, 232, 209, 81, 61, 103, 48, 234, 174]
[165, 222, 59, 32, 223, 112, 153, 58, 43, 1, 217, 131, 221, 74, 125, 98, 82, 101, 78, 130, 23, 15, 30, 49]
[144, 54, 187, 107, 158, 143, 31, 106, 60, 115, 180, 167, 156, 226, 119, 28, 190, 239, 79, 142, 117, 90, 128]
[94, 169, 155, 148, 225, 205, 200, 214, 204, 126, 236, 66, 233, 138, 26, 75, 166, 146, 9, 176, 183, 191, 202]
[50, 70, 164, 35, 2, 151, 211, 38, 127, 147, 40, 51, 194, 114, 42, 186, 215, 19, 24]
[184, 62, 109, 228, 39, 36, 77, 230, 45, 27, 235, 12, 113, 52, 168, 102, 53, 179, 210, 108, 89, 182]
[178, 116, 237, 55, 85, 132, 177, 46, 6, 29, 162, 163, 64, 216, 88, 149, 220, 111, 124, 118, 87]
[197, 8, 157, 13, 47, 80, 100, 139, 120, 69, 122, 196, 92, 3]
[152, 201, 229, 16, 17, 195, 44, 95, 170, 14, 154, 72, 129]
[7, 231, 105, 93, 141, 181, 188, 99, 37, 218, 67, 136, 56, 41]
