144873.0209999997
144466.16899999967
['5', '10', '20']
76.70365047454834
[137, 7, 17, 112, 220, 188, 175, 193, 25, 4, 102, 76, 166, 103, 29, 97, 88, 53, 60, 177, 61, 92]
[208, 232, 195, 171, 80, 50, 176, 224, 153, 223, 181, 138, 142, 130, 40, 93, 32, 66, 47, 150, 57, 77, 154, 31]
[68, 99, 149, 236, 200, 0, 152, 84, 178, 146, 187, 55, 160, 19, 229, 10, 90, 205, 43, 69, 75, 91, 133, 179]
[148, 134, 2, 204, 231, 116, 78, 22, 186, 164, 79, 124, 15, 140, 27, 145, 26, 71, 98, 12]
[95, 190, 108, 141, 67, 30, 51, 115, 235, 162, 83, 114, 183, 109, 157, 63, 161, 213, 191, 238, 180]
[230, 9, 185, 111, 64, 46, 118, 1, 222, 216, 21, 209, 132, 159, 41, 13, 94, 212, 173]
[221, 86, 219, 117, 207, 105, 23, 106, 38, 135, 5, 62, 6, 110, 163, 125, 139, 100, 3, 89]
[74, 127, 144, 199, 151, 237, 203, 170, 155, 218, 194, 126, 217, 234, 33, 81, 20, 227, 113, 85, 123, 172, 73, 174]
[147, 54, 72, 11, 189, 156, 197, 42, 122, 49, 18, 228, 44, 34, 165, 226, 168, 59, 56, 215, 35, 39, 28, 65, 101, 196]
[36, 198, 52, 129, 119, 120, 225, 82, 210, 169, 58, 16, 211, 158, 96]
[107, 136, 182, 87, 37, 167, 24, 192, 14, 128, 202, 104, 121, 214, 201]
[48, 184, 233, 239, 143, 206, 8, 45, 131, 70]
