152247.28399999999
150000.057
['5', '2', '100']
146.51691055297852
[210, 132, 192, 215, 143, 19, 48, 45, 195, 194, 33, 107, 98, 235, 169, 113, 27, 59, 176, 204, 140, 137]
[238, 9, 40, 198, 2, 39, 8, 200, 112, 123, 162, 177, 165, 85, 70, 83, 116, 66, 125, 77, 53, 224]
[22, 105, 237, 68, 97, 216, 90, 11, 209, 211, 182, 0, 214, 52, 186, 43, 37, 104, 178, 36, 4, 150, 94, 13, 179]
[23, 171, 155, 202, 106, 199, 144, 121, 126, 74, 170, 16, 82, 233, 203, 100, 129, 219, 181, 117]
[25, 208, 87, 84, 80, 72, 193, 232, 130, 76, 115, 64, 108, 188, 35, 6, 239, 190, 206, 3, 99, 17]
[50, 47, 152, 168, 114, 29, 147, 175, 54, 213, 26, 167, 197, 44, 228, 131, 139, 18, 149, 34, 207, 101, 78, 65, 49]
[73, 61, 158, 7, 231, 220, 153, 236, 163, 229, 93, 141, 57, 28, 124, 172, 79, 89, 205, 161, 71, 166, 151, 173]
[187, 12, 67, 30, 227, 55, 225, 154, 146, 226, 160, 127, 189, 138, 196, 128, 103, 20, 133, 102, 46, 157]
[38, 75, 14, 221, 134, 10, 95, 63, 42, 32, 222, 183, 110, 145, 56, 148, 69, 31]
[217, 201, 111, 86, 212, 135, 119, 91, 136, 41, 122, 81, 156, 58, 191, 5, 174, 51, 96]
[24, 230, 142, 180, 184, 1, 118, 88, 109, 159]
[60, 234, 223, 185, 15, 218, 62, 92, 120, 21, 164]
