148255.41100000017
148255.41100000017
['5', '10', '20']
69.83013772964478
[197, 54, 1, 80, 117, 88, 52, 158, 112, 73, 154, 218, 70, 81, 181, 101, 93, 77, 5, 15, 214, 190, 129, 98, 41, 228, 13]
[147, 49, 40, 17, 163, 10, 58, 186, 227, 170, 66, 110, 72, 115, 202, 180, 176, 36, 12, 217, 95, 47, 201, 127, 60]
[132, 157, 0, 205, 55, 6, 161, 76, 82, 104, 38, 65, 156, 123, 166, 145, 71, 107, 34, 143, 196, 215, 223, 33, 53]
[198, 221, 173, 151, 153, 86, 225, 31, 212, 67, 192, 24, 26, 138, 238, 7, 162, 45, 139, 90, 207, 59, 137]
[159, 185, 29, 19, 128, 42, 87, 232, 4, 150, 111, 195, 135, 9, 235, 236, 174, 39, 222, 61, 125, 96, 219]
[56, 239, 64, 89, 191, 57, 136, 63, 216, 203, 206, 134, 167, 37, 118, 74, 83, 208, 178, 172, 131, 103, 152]
[146, 79, 119, 102, 160, 75, 44, 84, 121, 149, 155, 46, 106, 21, 199, 16, 32, 28, 91]
[183, 204, 113, 194, 116, 97, 168, 48, 2, 182, 69, 175, 30, 188, 140, 100, 114, 108, 25, 142, 164, 234]
[122, 3, 226, 165, 8, 126, 50, 43, 193, 22, 189, 169]
[85, 35, 124, 210, 78, 148, 231, 51, 224, 220, 20, 209, 213, 184]
[105, 237, 62, 133, 229, 18, 68, 94, 211, 99, 141, 179, 109]
[27, 200, 230, 11, 187, 120, 144, 23, 14, 177, 171, 233, 92, 130]
