133967.35000000027
128139.45400000032
['5', '50', '30']
280.05328464508057
[220, 7, 46, 19, 194, 177, 175, 61, 69, 162, 138, 132, 195, 38, 152, 28, 150, 147, 90, 6, 163, 231]
[109, 145, 148, 25, 121, 56, 100, 193, 199, 15, 167, 16, 62, 86, 156, 11, 131, 170, 29]
[160, 110, 173, 10, 128, 137, 223, 226, 89, 99, 55, 206, 57, 117, 212, 82, 70, 222, 225, 227, 65, 198, 36, 158, 84]
[184, 180, 141, 87, 218, 72, 95, 118, 67, 183, 21, 185, 17, 37, 230, 58, 179, 155, 71, 203]
[42, 161, 127, 142, 93, 8, 50, 144, 48, 77, 14, 229, 233]
[32, 211, 207, 73, 63, 22, 157, 113, 3, 168, 172, 75, 0, 26, 129]
[66, 169, 27, 197, 18, 1, 114, 44, 171, 49, 54, 47, 217, 139, 189, 119, 45, 133, 94, 123, 159, 205, 196, 51, 43, 81]
[232, 41, 136, 91, 135, 214, 122, 40, 52, 85, 108, 74, 20, 112, 68, 120, 154, 33, 31, 105, 24, 102, 103, 59, 13, 97]
[2, 5, 164, 134, 228, 151, 146, 149, 126, 235, 213, 166]
[116, 178, 201, 237, 34, 39, 200, 186, 53, 35, 236, 101, 124, 98, 83, 60, 130, 216, 96, 140, 190, 92]
[192, 104, 9, 176, 181, 221, 78, 125, 188, 234, 204, 209, 208, 215, 191, 187, 238, 143, 219]
[202, 79, 88, 182, 224, 111, 174, 115, 4, 153, 30, 76, 165, 239, 80, 12, 210, 107, 64, 23, 106]
