365626.60800000065
365626.60800000065
['3', '2', '10']
257.866628408432
[274, 111, 23, 244, 81, 110, 71, 250, 4, 236, 157, 403, 18, 333, 425, 67, 180, 16, 397, 265, 231, 162, 76, 437, 125, 230, 150, 146, 455, 349]
[87, 83, 476, 152, 315, 39, 313, 132, 51, 97, 281, 328, 331, 417, 336, 395, 468, 27, 247, 90, 163, 289, 380, 415]
[325, 426, 424, 55, 376, 461, 147, 347, 35, 3, 194, 257, 369, 219, 182, 478, 286, 283, 253, 319, 431, 391, 327, 323, 106, 372]
[456, 399, 441, 189, 134, 215, 54, 212, 216, 86, 123, 256, 43, 413, 24, 408, 401, 32, 450, 57, 271, 234, 469, 126, 241, 432]
[285, 229, 359, 343, 421, 75, 363, 17, 290, 167, 94, 479, 438, 130, 122, 354, 21, 6, 451, 300, 179, 8, 470, 96, 304, 101, 356]
[384, 443, 41, 161, 84, 131, 293, 171, 232, 2, 10, 309, 61, 113, 133, 466, 449, 217, 164, 114, 40, 407, 266, 294, 358, 195]
[429, 338, 117, 49, 454, 267, 452, 103, 228, 330, 155, 261, 127, 165, 118, 385, 301, 65, 153, 160, 207, 190, 172, 116, 410, 350, 254]
[201, 28, 36, 213, 166, 291, 440, 221, 245, 85, 411, 98, 373, 324, 268, 370, 457, 174, 170, 467, 82, 442, 63]
[371, 187, 42, 434, 252, 138, 222, 91, 80, 107, 204, 199, 220, 433, 48, 15, 136, 243, 311, 184]
[318, 420, 317, 430, 428, 255, 374, 105, 312, 472, 249, 352, 402, 26, 47, 224, 95, 310, 418, 409, 427, 193, 275, 11, 12, 287, 20]
[320, 168, 388, 260, 278, 367, 404, 60, 92, 156, 423, 295, 124, 460, 46, 297, 183, 414, 25, 279, 74, 186, 9]
[141, 0, 389, 436, 459, 405, 263, 79, 109, 233, 238, 38, 188, 99, 422, 334, 280, 226, 104, 93, 302, 272, 383, 45, 223, 381]
[237, 29, 475, 382, 115, 277, 406, 1, 178, 175, 58, 59, 390, 137, 314, 64, 378, 145, 200, 78, 444, 357, 298, 211, 377]
[14, 149, 66, 474, 129, 339, 198, 412, 292, 192, 473, 386, 240, 176, 344, 392, 307, 69, 365, 394, 332, 308, 203, 119, 196]
[209, 44, 398, 366, 262, 400, 419, 446, 340, 242, 77, 181, 303, 225, 364, 439, 375, 251, 465, 33, 316, 296, 7, 142]
[173, 177, 31, 396, 73, 120, 100, 258, 329, 458, 448, 269, 102, 22, 337, 121, 53, 19, 284, 353, 270, 235, 341, 368, 445, 144]
[210, 218, 89, 37, 135, 305, 464, 264, 139, 50, 214, 112, 246, 299, 13, 326, 56, 342, 477, 227, 462, 239, 30, 169]
[185, 288, 143, 34, 435, 416, 208, 206, 471, 128, 62, 393, 140, 205, 447, 463, 348, 276, 158]
[151, 154, 88, 52, 72, 5, 379, 335, 362, 159, 70, 346, 202, 361, 248, 259]
[351, 360, 68, 345, 197, 148, 273, 322, 282, 306, 108, 387, 453, 191, 321, 355]
