158488.51600000015
154850.6660000002
['5', '2', '100']
252.14785861968994
[86, 13, 61, 138, 239, 67, 167, 222, 24, 59, 195, 210, 162, 20, 186, 230, 165, 212, 16, 22]
[189, 45, 134, 75, 190, 110, 91, 192, 169, 198, 137, 121, 9, 130, 40, 38, 74, 133, 92, 89, 64, 99, 115, 11, 187, 57, 144, 174]
[72, 60, 65, 136, 228, 236, 119, 98, 149, 234, 101, 96, 109, 85, 182, 28, 81, 41, 79, 216, 220, 39, 100, 181, 124, 25, 179, 118, 56]
[32, 73, 12, 224, 172, 185, 42, 154, 200, 21, 170, 225, 29, 128, 77, 178, 83, 35, 116, 160, 114, 46, 232, 50, 15, 193, 152, 238]
[163, 1, 30, 129, 183, 158, 191, 97, 54, 10, 27, 82, 204, 107, 66, 71, 175, 156, 159, 19, 235, 49, 52, 8, 111]
[145, 146, 215, 102, 135, 123, 31, 164, 153, 117, 173, 68, 141, 76, 113, 213, 7, 219, 184, 150, 48, 53]
[3, 131, 84, 95, 197, 206, 226, 199, 217, 171, 55, 47, 14, 90, 58, 161, 108, 63]
[125, 229, 177, 5, 112, 88, 205, 0, 80, 233, 180, 78, 51, 18, 44, 218, 6, 142, 211, 62, 37, 214]
[237, 105, 188, 147, 194, 36, 157, 140, 127, 33, 106, 201, 87, 203, 227]
[202, 70, 126, 103, 151, 69, 26, 143, 176, 221, 122]
[148, 231, 155, 4, 23, 139, 17, 132, 94, 166]
[43, 93, 104, 196, 223, 34, 120, 208, 207, 209, 168, 2]
