159501.35700000022
155748.46200000003
['5', '2', '100']
185.60967087745667
[1, 191, 161, 206, 171, 134, 34, 33, 53, 148, 60, 44, 3, 122, 212, 45, 209, 113, 74, 118, 219, 155, 138, 47, 150, 120]
[9, 94, 68, 198, 181, 71, 31, 101, 141, 237, 102, 175, 168, 82, 128, 28, 123, 63, 139, 105, 204, 81, 224, 153, 146, 75, 80, 69]
[50, 234, 90, 84, 39, 108, 176, 143, 54, 32, 160, 70, 166, 187, 213, 124, 188, 15, 201, 109, 100, 197, 218, 19, 225, 23, 230, 183]
[162, 231, 199, 163, 186, 10, 167, 222, 208, 89, 235, 86, 200, 202, 38, 51, 185, 7, 62, 115, 46, 52, 205, 158, 226, 42, 12]
[154, 196, 229, 173, 190, 144, 11, 64, 95, 236, 182, 35, 217, 116, 66, 137, 106, 133, 87, 164]
[110, 233, 98, 214, 129, 61, 65, 0, 159, 121, 91, 103, 239, 216, 194, 126, 97, 203, 16]
[135, 59, 13, 136, 26, 119, 145, 20, 177, 178, 99, 152, 27, 58, 174, 215, 56, 221, 18, 88, 140, 21, 112, 104, 170, 131, 157, 156]
[179, 73, 117, 4, 192, 220, 85, 41, 127, 227, 92, 72, 78, 22, 147, 114, 76]
[211, 232, 223, 195, 55, 130, 228, 210, 6, 2, 107, 207]
[36, 8, 172, 30, 149, 169, 189, 67, 77, 93, 165, 49]
[57, 14, 48, 125, 37, 79, 180, 43, 83, 25, 24, 193]
[132, 96, 5, 111, 17, 151, 142, 29, 184, 40, 238]
