152537.8070000002
150066.76699999996
['5', '5', '50']
129.2866814136505
[165, 105, 13, 178, 58, 35, 177, 54, 220, 20, 190, 183, 185, 49, 223, 211, 59, 212, 86, 26, 216, 32, 205, 160, 184]
[102, 213, 65, 222, 53, 162, 37, 27, 161, 83, 100, 124, 236, 148, 145, 156, 76, 120, 1, 180, 206, 60, 123]
[116, 229, 41, 68, 203, 87, 45, 154, 95, 142, 173, 158, 193, 24, 3, 72, 169, 112, 198, 15]
[104, 19, 182, 44, 101, 150, 200, 227, 34, 73, 197, 52, 117, 51, 221, 189, 56, 79, 78, 91, 176, 62, 98, 7, 10, 50, 63]
[88, 6, 130, 224, 181, 171, 134, 18, 36, 210, 153, 107, 233, 14, 125, 46, 115, 194, 155, 219, 48, 4, 55, 226, 152, 192, 237]
[126, 159, 43, 5, 93, 23, 191, 99, 232, 47, 12, 113, 131, 21, 85, 67, 167, 238, 230, 214, 133, 31, 209]
[138, 77, 94, 9, 135, 75, 2, 151, 25, 143, 122, 17, 28, 118, 89, 149, 215, 204, 175, 136, 132, 109, 234, 139, 186, 195]
[42, 96, 235, 16, 57, 11, 208, 22, 38, 225, 82]
[92, 114, 166, 147, 187, 40, 111, 29, 141, 8, 157, 201, 140, 128, 30, 163, 172]
[202, 103, 170, 217, 39, 144, 69, 129, 74, 239, 81, 66]
[196, 84, 80, 199, 71, 64, 97, 168, 218, 231, 70, 90, 137]
[207, 108, 188, 146, 228, 61, 33, 164, 106, 179, 0, 121, 119, 174, 110, 127]
