150900.47600000023
149337.59000000023
['5', '5', '50']
123.73409938812256
[191, 195, 80, 169, 167, 4, 64, 105, 36, 113, 194, 218, 157, 139, 1, 230, 234, 229, 151, 208, 97, 193, 40, 140, 29, 77]
[17, 100, 99, 175, 203, 107, 207, 131, 37, 58, 23, 59, 74, 73, 124, 216, 83, 53, 179, 205, 141]
[16, 42, 223, 98, 221, 226, 210, 211, 39, 186, 227, 136, 174, 69, 190, 89, 115, 116, 27, 76, 200]
[232, 119, 196, 35, 41, 94, 163, 135, 81, 222, 127, 182, 21, 132, 13, 85, 8, 104, 9, 45]
[50, 70, 164, 2, 181, 219, 38, 224, 49, 15, 56, 150, 180, 147, 178, 142, 52, 108, 213, 34, 63, 134, 209, 199]
[212, 146, 183, 62, 158, 92, 238, 161, 121, 86, 236, 168, 172, 206, 95, 61, 96, 65, 33, 162, 55]
[228, 28, 10, 184, 3, 217, 31, 185, 138, 103, 159, 51, 233, 84, 25, 60, 87, 114, 110, 72, 145, 102, 123]
[202, 93, 5, 109, 78, 32, 153, 149, 204, 148, 225, 71, 43, 30, 66, 112, 101, 171, 111, 68, 176, 166, 165, 125, 144, 26, 12, 48]
[14, 177, 7, 6, 22, 46, 197, 201, 154, 237, 170, 44, 160, 18, 220, 67, 189, 0]
[137, 152, 82, 155, 130, 133, 24, 231, 91, 188, 11, 192, 47, 118]
[239, 90, 214, 122, 215, 128, 129, 75, 120, 156, 117, 126, 79, 20]
[57, 235, 106, 143, 88, 198, 187, 54, 19, 173]
