149102.19199999978
[154, 76, 148, 53, 198, 55, 93, 156, 125, 26, 193, 41, 164, 84, 82, 174, 141, 123, 119, 15, 83, 40, 180, 88, 140, 155]
[38, 182, 226, 10, 235, 42, 202, 138, 186, 208, 200, 167, 103, 7, 220, 12, 189, 185, 62, 190, 152, 196, 86, 94, 144, 177, 16, 115]
[225, 112, 236, 101, 135, 124, 121, 39, 136, 59, 36, 172, 159, 4, 97, 106, 67, 227, 230, 206, 213, 23]
[224, 34, 33, 143, 171, 92, 130, 211, 234, 17, 116, 181, 31, 0, 102, 117, 52, 147, 68, 179, 46, 204, 109, 132, 229]
[231, 131, 72, 199, 118, 18, 145, 21, 100, 169, 11, 122, 218, 90, 178, 222, 205, 65, 20, 163, 58, 170, 70]
[127, 217, 219, 32, 239, 64, 43, 48, 75, 192, 188, 24, 37, 183, 209, 223, 232, 98, 66, 237, 114, 56, 19, 45, 60, 22, 89, 233]
[3, 175, 194, 173, 134, 50, 184, 133, 149, 207, 57, 87, 161, 160, 176, 110]
[166, 150, 129, 77, 78, 221, 73, 2, 35, 238, 151]
[216, 81, 228, 54, 13, 126, 153, 8, 96, 210, 107, 69, 212, 6, 30, 111, 80, 104, 187, 157, 162, 74]
[95, 91, 63, 197, 61, 195, 29, 137, 120, 44, 215, 146, 1, 165]
[128, 85, 201, 79, 27, 25, 5, 51, 158, 113, 142]
[47, 214, 9, 71, 108, 49, 139, 99, 28, 168, 203, 14, 191, 105]
