150508.24200000043
148003.28300000026
['5', '5', '100']
196.6469919681549
[49, 23, 122, 25, 110, 121, 153, 85, 157, 167, 95, 69, 16, 133, 73, 116, 128, 0, 15, 76, 199, 225, 115, 215, 182]
[83, 41, 140, 226, 165, 239, 62, 84, 192, 20, 22, 44, 235, 52, 191, 70, 138, 184, 91, 30, 136, 13, 162]
[80, 10, 216, 77, 50, 119, 154, 8, 195, 74, 47, 109, 201, 33, 31, 9, 177, 161, 54, 72, 40, 3, 100, 189, 202]
[34, 210, 120, 48, 106, 205, 82, 129, 187, 164, 145, 148, 198, 98]
[90, 221, 97, 104, 1, 105, 223, 86, 197, 2, 46, 156, 4, 78, 117, 237, 29, 114, 147, 181, 60, 219, 139]
[18, 213, 103, 35, 166, 92, 173, 180, 6, 118, 134, 19, 208, 151, 17, 14, 203, 75, 63, 178, 36, 137, 65, 171]
[211, 207, 150, 230, 39, 200, 124, 149, 186, 142, 27, 88, 101, 143, 55, 53, 130, 168, 217, 24, 229, 174]
[111, 185, 141, 61, 169, 158, 113, 188, 220, 175, 112, 125, 7, 234, 155, 159, 12, 176, 170, 218, 194, 96]
[43, 5, 57, 42, 38, 193, 190, 89, 93, 135, 236, 152, 146, 68, 204, 172, 222, 28, 163]
[108, 51, 11, 64, 87, 231, 232, 32, 160, 209, 123, 183, 79, 206, 99, 228, 233, 58, 127, 37, 59, 26]
[94, 81, 179, 45, 107, 126, 238, 227, 196, 214, 21]
[102, 66, 224, 212, 71, 144, 67, 56, 131, 132]
