149120.7259999999
148640.46999999997
['10', '10', '20']
180.60026717185974
[235, 117, 5, 66, 34, 25, 31, 173, 181, 111, 204, 37, 81, 160, 60, 63, 92, 184, 72, 164, 200, 201, 16]
[13, 71, 213, 22, 93, 61, 177, 101, 179, 121, 56, 112, 145, 197, 171, 119, 109, 50, 233, 133, 144, 43, 172, 44, 224, 36, 207, 156]
[115, 214, 53, 183, 39, 190, 118, 142, 55, 215, 95, 108, 205, 4, 19, 102, 113, 35, 62, 38, 9, 15, 137, 110, 114]
[211, 107, 51, 10, 84, 180, 187, 134, 46, 30, 193, 48, 175, 143, 135, 73, 186, 130, 12, 122, 87, 105]
[231, 20, 94, 2, 166, 85, 161, 88, 120, 157, 23, 64, 140, 128, 188, 103, 32, 198, 178, 220, 57, 225, 116]
[129, 139, 3, 238, 174, 141, 153, 76, 226, 170, 41, 79, 75, 100, 136, 47, 208, 49, 126, 82, 40, 127, 163, 182, 21]
[202, 150, 8, 26, 70, 89, 14, 83, 17, 6, 132, 18, 210, 169, 11, 78, 228, 216, 123, 192, 152, 91, 42]
[239, 222, 67, 158, 236, 59, 98, 189, 195, 24, 45, 230, 1]
[206, 149, 199, 80, 74, 168, 33, 219, 28, 99, 146]
[0, 148, 221, 196, 104, 27, 209, 52, 106, 234, 162, 124, 155, 68]
[194, 65, 167, 131, 229, 29, 159, 125, 237, 54, 232, 191, 96, 185, 7, 217, 212, 138, 86]
[203, 218, 58, 223, 97, 165, 147, 227, 154, 176, 90, 151, 77, 69]
