146314.72200000015
146206.2270000001
['10', '10', '20']
142.36697363853455
[236, 204, 148, 30, 34, 138, 189, 126, 156, 52, 66, 9, 174, 86, 10, 152, 124, 39, 213, 142, 184, 220, 99, 33, 197]
[196, 60, 212, 37, 135, 79, 59, 58, 222, 105, 163, 95, 41, 63, 119, 47, 208, 2, 48, 157, 160]
[5, 155, 150, 78, 113, 61, 136, 173, 50, 219, 4, 11, 168, 224, 87, 29, 159, 199, 153, 115, 143, 107, 215, 151, 144, 31]
[112, 1, 104, 206, 67, 92, 194, 101, 91, 161, 133, 145, 183, 56, 96, 3, 51, 75]
[128, 102, 69, 129, 127, 103, 207, 238, 146, 169, 46, 139, 122, 25, 234, 26, 239, 44, 131, 53, 36, 118, 106]
[231, 93, 70, 228, 100, 214, 109, 54, 225, 233, 185, 176, 23, 8, 90, 89, 171, 68]
[19, 110, 193, 18, 120, 64, 24, 198, 172, 175, 237, 170, 130, 217, 82, 71, 43, 191, 88, 114, 72]
[98, 203, 180, 7, 141, 202, 205, 137, 223, 32, 111, 125, 229, 149, 123, 186, 167, 76, 108, 132, 65, 188, 187, 209, 158]
[232, 210, 12, 14, 73, 179, 38, 140, 201, 147, 97, 195, 6, 27, 81, 77, 17, 22, 13]
[181, 200, 57, 40, 164, 42, 94, 235, 28, 221, 218, 134, 20, 192, 211, 177]
[117, 80, 216, 55, 85, 121, 35, 116, 162, 178, 49, 226, 16]
[182, 83, 166, 227, 154, 15, 165, 84, 21, 45, 62, 74, 0, 230, 190]
