145835.09599999987
139733.36000000004
['5', '20', '30']
160.00068950653076
[51, 168, 238, 128, 5, 50, 29, 104, 58, 105, 115, 161, 175, 131, 43, 200, 56, 197, 49, 110, 185, 28]
[80, 66, 53, 225, 126, 134, 99, 135, 69, 95, 233, 133, 46, 14, 216, 217, 224, 223, 11, 129, 207, 112, 195]
[227, 150, 42, 40, 190, 132, 117, 199, 17, 202, 167, 226, 122, 151, 148, 27, 62, 74, 158, 189, 4, 116, 8, 68]
[239, 186, 142, 61, 64, 72, 176, 153, 172, 67, 79, 85, 45, 47, 156, 83, 149, 41, 34, 84, 94, 82]
[22, 87, 91, 198, 211, 237, 76, 145, 31, 183, 55, 139, 214, 174, 96, 203, 169, 205, 146, 222, 23]
[52, 20, 178, 121, 193, 165, 35, 179, 54, 235, 13, 57, 6]
[212, 33, 188, 201, 30, 24, 210, 37, 209, 187, 93, 177, 219, 59, 100, 48, 123, 155, 32, 206, 25, 166, 15, 39, 118, 228, 170]
[157, 184, 3, 180, 124, 108, 234, 119, 230, 0, 120, 18, 182, 71, 125, 141, 152, 143, 114, 102, 109, 21, 194, 221, 140, 192, 106, 73, 136, 163, 218, 75]
[12, 101, 232, 147, 81, 231, 113, 16, 77, 138, 137, 78]
[162, 38, 111, 130, 160, 9, 86, 107, 7, 213, 10, 208, 97, 89, 144, 1, 173, 70]
[65, 154, 204, 103, 236, 92, 196, 2, 191, 36, 220]
[98, 127, 60, 159, 171, 215, 164, 19, 44, 181, 26, 90, 63, 229, 88]
