151013.22500000033
150523.68400000015
['5', '5', '30']
79.430095911026
[102, 43, 87, 232, 158, 80, 192, 72, 173, 219, 164, 198, 227, 13, 133, 60, 157, 129, 34, 109, 45, 41, 83, 36]
[186, 46, 156, 123, 23, 159, 140, 124, 217, 53, 9, 121, 37, 38, 47, 229, 6, 19, 175, 82, 239]
[221, 167, 32, 27, 24, 64, 210, 137, 218, 15, 106, 136, 91, 174, 196, 222, 20, 111, 71, 25, 138, 81, 118]
[54, 188, 44, 181, 95, 236, 166, 112, 88, 89, 152, 69, 130, 176, 169, 142, 228, 51, 206, 160, 49, 3, 73, 211]
[216, 128, 0, 120, 223, 202, 14, 125, 57, 96, 204, 191, 197, 84, 26, 113, 141, 86, 94, 195, 108, 177, 183]
[178, 148, 126, 7, 226, 150, 168, 79, 29, 12, 77, 155, 189, 171, 143, 238, 31, 213, 230, 50, 184, 90, 101]
[233, 67, 214, 58, 28, 231, 116, 11, 110, 134, 99, 100, 8, 93, 165, 132, 17, 30, 63, 209, 115, 2, 151, 127, 180, 220]
[68, 48, 92, 225, 5, 224, 18, 187, 161, 208, 59, 199, 122, 203, 39, 207, 52, 76, 135, 97, 74]
[172, 145, 193, 1, 201, 194, 16, 182, 61, 146, 78, 22, 42, 170, 65, 117, 131, 205, 119]
[234, 139, 215, 149, 200, 33, 162, 107, 144, 4, 147, 212, 154, 62]
[75, 55, 56, 103, 85, 179, 237, 190, 10, 98, 185]
[235, 70, 66, 104, 21, 40, 114, 153, 163, 35, 105]
