156736.39699999988
154925.8709999999
['5', '2', '50']
104.8396384716034
[45, 189, 134, 40, 121, 190, 199, 144, 133, 56, 92, 80, 137, 74, 185, 83, 75, 205, 168, 55, 215, 15]
[97, 224, 32, 120, 154, 203, 195, 181, 101, 151, 174, 210, 232, 216, 200, 113, 43, 22, 36, 118, 21, 230, 182, 28, 177, 103]
[94, 89, 11, 169, 99, 186, 53, 114, 85, 167, 100, 70, 115, 187, 81, 93, 233, 197, 98, 63, 60, 39, 64, 91, 51]
[57, 184, 132, 87, 72, 37, 176, 109, 161, 209, 166, 50, 140, 220, 71, 4, 108, 219, 153]
[52, 104, 73, 194, 117, 29, 86, 30, 84, 13, 33, 239, 59, 8, 165, 236, 193, 155, 142, 192, 31, 90, 18]
[66, 235, 10, 3, 27, 183, 2, 69, 129, 145, 163, 76, 82, 214, 191, 116, 204, 136, 170, 175, 138, 148, 226, 49, 130, 173, 34, 141, 68]
[17, 123, 7, 135, 207, 213, 180, 102, 152, 9, 171, 19, 111, 229, 0, 46, 105, 147, 150, 62, 26, 221, 38, 159]
[208, 164, 156, 65, 127, 47, 131, 96, 198, 125, 237, 110, 6, 107, 128, 228, 25, 227, 12, 179, 67, 238, 23, 172]
[14, 196, 1, 218, 146, 78, 95, 143, 42, 223, 139]
[178, 77, 160, 202, 88, 119, 157, 231, 112, 44, 5, 149, 54, 158, 225]
[162, 217, 24, 222, 16, 188, 212, 48, 211, 124, 234, 79]
[20, 58, 126, 206, 201, 61, 122, 106, 35, 41]
