370871.10900000087
370871.10900000087
['3', '2', '10']
281.39327597618103
[349, 369, 47, 385, 25, 441, 439, 280, 120, 194, 270, 190, 237, 163, 368, 10, 317, 384, 175, 246, 283, 36, 297, 111, 38, 153, 41, 321, 144, 419, 23, 172, 46]
[215, 0, 242, 468, 127, 165, 326, 362, 169, 454, 20, 186, 76, 83, 407, 336, 289, 408, 126, 466, 434, 198, 259, 236, 27, 456, 303, 322]
[413, 97, 135, 4, 231, 360, 183, 60, 74, 446, 204, 432, 255, 341, 253, 373, 124, 182, 218, 436, 37, 159, 84, 266, 430, 398]
[423, 160, 202, 301, 267, 107, 173, 201, 411, 211, 316, 364, 433, 440, 117, 179, 6, 114, 402, 145, 309, 386, 239, 333, 479, 134, 50, 45, 295]
[71, 376, 176, 460, 418, 380, 261, 281, 335, 285, 319, 379, 164, 157, 168, 185, 142, 123, 455, 220, 263, 141, 260, 205, 343, 11]
[424, 288, 203, 227, 99, 12, 35, 291, 146, 136, 395, 181, 180, 318, 388, 391, 105, 241, 372, 248, 1, 354, 299, 346, 403, 478, 212, 200, 374, 92, 431, 461]
[91, 77, 265, 132, 33, 100, 34, 462, 233, 72, 381, 149, 356, 119, 195, 415, 389, 64, 254, 404, 208]
[422, 143, 43, 140, 138, 438, 125, 252, 400, 421, 465, 189, 226, 171, 108, 216, 113, 16, 443, 282, 420, 467, 193, 457, 311, 151, 109]
[399, 106, 95, 308, 290, 93, 284, 14, 98, 302, 80, 112, 147, 323, 59, 191, 348, 334, 410, 458, 213, 103, 54, 358, 347, 417, 293]
[382, 94, 392, 67, 65, 207, 219, 79, 447, 167, 118, 279, 178, 390, 158, 472, 394, 133, 70, 51, 174, 396, 55, 62, 428, 315]
[312, 129, 39, 304, 57, 222, 272, 29, 19, 24, 68, 269, 75, 44, 314, 331, 414, 22, 209, 352, 473, 292, 177]
[361, 56, 367, 245, 104, 365, 89, 232, 476, 122, 401, 223, 450, 344, 229, 137, 197, 128, 477, 154, 235, 338, 449, 228]
[206, 225, 287, 463, 470, 21, 328, 469, 230, 277, 350, 187, 273, 475, 324, 101, 268, 387, 217, 251, 9, 325]
[313, 471, 5, 32, 397, 166, 257, 53, 15, 437, 139, 359, 28, 306, 383, 412, 451, 464, 294, 375, 238]
[221, 42, 184, 87, 327, 224, 243, 444, 351, 286, 240, 330, 435, 8, 425, 78, 152, 366, 214]
[370, 247, 298, 131, 13, 377, 161, 130, 459, 332, 371, 18, 355, 363, 474, 26, 3]
[148, 192, 40, 90, 30, 357, 429, 249, 96, 307, 342, 329, 305, 121, 353, 69, 275, 155, 340]
[426, 276, 85, 88, 271, 63, 156, 81, 416, 345, 210, 102, 58, 274, 162, 2, 66]
[405, 445, 258, 310, 7, 73, 339, 82, 31, 453, 52, 250, 406, 278, 378, 320]
[17, 199, 61, 409, 86, 256, 115, 188, 300, 196, 393, 150, 442, 296, 264, 452, 110, 427, 337, 49, 116, 170, 244, 448, 262, 234, 48]
