141545.31200000006
135248.4040000003
['5', '50', '30']
241.4146819114685
[183, 125, 103, 126, 151, 57, 88, 216, 204, 107, 5, 117, 16, 153, 78, 35, 158, 115, 155, 75]
[11, 160, 169, 89, 23, 56, 80, 54, 7, 81, 202, 17, 208, 152, 213, 178, 132, 52, 86, 63, 221, 50, 116, 175, 170]
[211, 145, 13, 109, 79, 164, 121, 34, 134, 76, 218, 144, 182, 21, 171, 191, 173, 93, 99, 129, 201, 223, 64, 28]
[118, 69, 195, 55, 65, 8, 0, 19, 62, 157, 74, 122, 154, 18, 186, 222, 1]
[127, 220, 39, 137, 101, 142, 239, 209, 138, 59, 128, 85, 104, 120, 108, 90, 30, 82, 22, 193, 192, 31, 53, 123]
[26, 198, 235, 166, 94, 163, 233, 136, 143, 190, 149, 196, 100, 187, 60, 47, 95, 20, 38, 207, 84, 27, 41, 3, 167, 130]
[176, 184, 87, 224, 174, 188, 180, 42, 238, 172, 49, 112, 32, 73, 33, 194, 219, 105, 98, 67, 68, 146, 177, 46, 12]
[203, 232, 61, 97, 43, 161, 210, 181, 124, 15, 230, 165, 48, 58, 141, 102, 229, 106]
[91, 168, 236, 96, 9, 179, 92, 119, 114, 162, 29, 37, 25, 206, 72, 217, 215, 147, 66, 212, 205, 44, 2, 111, 24]
[148, 45, 214, 133, 131, 150, 135, 70, 225, 14]
[197, 10, 110, 36, 156, 77, 113, 4, 71, 228, 226, 231, 227, 234, 140]
[6, 51, 189, 185, 159, 83, 40, 199, 200, 237, 139]
