155681.11199999962
150238.58899999963
['5', '3', '200']
777.510504245758
[138, 108, 136, 221, 206, 41, 14, 233, 89, 95, 85, 114, 162, 49, 107, 0, 172, 76, 105, 90, 131, 16, 24, 170, 73]
[65, 47, 60, 199, 101, 81, 109, 160, 11, 45, 97, 55, 150, 56, 75, 139, 18, 25, 125, 34, 31, 132, 111]
[68, 10, 99, 211, 152, 169, 186, 196, 69, 57, 133, 189, 91, 141, 142, 239, 44, 126, 237, 119, 228, 201]
[100, 146, 149, 215, 113, 83, 70, 88, 80, 202, 161, 157, 234, 197, 205, 66, 123, 124, 102, 235, 159, 78, 104]
[163, 1, 30, 129, 183, 158, 191, 214, 82, 117, 204, 98, 27, 209, 145, 116, 148, 5, 175, 46, 226, 229, 118, 52, 193, 32]
[134, 40, 67, 92, 9, 38, 143, 238, 225, 190, 187, 122, 180, 144, 137, 207, 151, 171, 184, 212, 4, 135, 7, 176, 177, 224]
[147, 218, 37, 164, 26, 198, 39, 87, 6, 112, 173, 165, 42, 110, 19, 182, 62, 153, 219, 227, 140, 35, 236, 156, 128, 174, 194]
[33, 192, 8, 130, 127, 84, 166, 231, 74, 106]
[213, 15, 154, 208, 50, 93, 13, 232, 216, 22, 43, 210, 203, 222, 167, 217, 77, 61, 36, 86, 59]
[223, 121, 71, 64, 3, 72, 79, 120, 54, 179, 23, 155, 115]
[195, 188, 103, 178, 220, 17, 20, 200, 185, 29, 53, 94]
[168, 58, 96, 2, 181, 21, 12, 63, 230, 28, 51, 48]
