366210.15700000146
365851.6920000016
['2', '2', '30']
199.33220839500427
[297, 364, 479, 397, 329, 5, 152, 466, 265, 7, 90, 179, 424, 46, 43, 276, 321, 370, 26, 444, 89, 293, 49, 151, 149, 78, 134, 454]
[456, 82, 199, 453, 273, 15, 263, 157, 206, 296, 253, 237, 394, 429, 28, 172, 411, 163, 55, 170, 288, 410, 30, 116, 318, 374]
[203, 69, 478, 113, 280, 348, 24, 420, 451, 379, 269, 304, 125, 376, 9, 330, 308, 268, 307, 60, 42, 405, 16, 475, 393, 367, 298, 98, 332]
[8, 360, 417, 355, 331, 388, 430, 140, 189, 6, 412, 309, 232, 128, 368, 382, 22, 328, 207, 274, 289, 439, 205, 143, 378, 326, 153]
[338, 320, 472, 371, 315, 185, 302, 97, 150, 462, 32, 287, 146, 99, 169, 362, 222, 14, 191, 450, 373, 377, 271, 262, 286, 139, 177]
[159, 241, 223, 270, 214, 19, 477, 127, 282, 335, 70, 358, 204, 230, 102, 216, 340, 465, 408, 228, 64, 112, 41, 387, 311, 184, 258, 79]
[441, 347, 0, 124, 166, 36, 317, 180, 390, 449, 23, 108, 279, 415, 167, 305, 122, 301, 414, 186, 245, 86, 428]
[436, 310, 398, 126, 132, 255, 261, 226, 83, 148, 426, 437, 227, 240, 333, 413, 17, 246, 399, 81, 319, 365, 300, 182, 366, 250, 156]
[380, 345, 303, 2, 80, 192, 409, 463, 109, 35, 236, 458, 259, 100, 12, 173, 433, 468, 350, 200, 50, 219, 457, 461, 447, 306, 356]
[314, 130, 234, 208, 470, 48, 256, 455, 349, 469, 38, 431, 10, 96, 84, 385, 235, 336, 54, 422, 406, 158, 190, 459, 217, 197, 278, 77]
[196, 316, 210, 341, 27, 407, 178, 243, 105, 73, 252, 416, 68, 353, 95, 427, 4, 396, 446, 91, 104, 400, 386, 44, 117, 242, 266]
[67, 267, 198, 343, 251, 106, 59, 354, 120, 392, 118, 114, 45, 135, 63, 195, 175, 404, 107, 375, 121, 111, 476, 272, 260, 403]
[322, 381, 464, 103, 154, 209, 144, 40, 323, 284, 62, 3, 434, 473, 138, 359, 212, 218, 440, 352, 71, 369, 87, 160, 136, 53, 13, 181, 401]
[327, 171, 283, 448, 238, 155, 442, 372, 119, 94, 419, 37, 239, 168, 161, 460, 47, 93, 193, 277]
[337, 290, 129, 225, 324, 249, 29, 211, 244, 231, 295, 443, 76, 215, 294, 115, 52, 418, 133]
[39, 402, 361, 85, 21, 92, 281, 110, 137, 291, 165, 65, 257, 164, 66]
[292, 123, 351, 363, 247, 101, 61, 248, 58, 421, 72, 202, 395, 229, 339, 346, 20]
[344, 254, 471, 474, 174, 391, 187, 299, 312, 33, 147, 384, 334, 188, 34, 313, 275, 141]
[224, 264, 176, 357, 220, 432, 25, 56, 145, 285, 142, 11, 233, 74, 194, 438, 325, 423, 467, 75, 342]
[18, 183, 221, 389, 435, 131, 1, 31, 201, 162, 213, 452, 383, 425, 57, 445, 88, 51]
