147013.1529999999
[216, 117, 28, 179, 37, 136, 58, 238, 145, 201, 170, 197, 103, 192, 23, 151, 184, 5, 118]
[71, 4, 208, 3, 63, 24, 1, 161, 193, 150, 56, 134, 180, 157, 47, 79, 13, 149, 225, 107, 87, 29, 99, 212]
[177, 14, 38, 2, 181, 59, 9, 105, 34, 153, 222, 166, 112, 41, 127, 62, 83, 194]
[220, 189, 211, 86, 215, 10, 114, 97, 236, 147, 164, 66, 35, 199, 232, 65, 27, 50, 44, 61, 148, 210, 70]
[7, 93, 96, 85, 231, 8, 228, 11, 221, 206, 167, 202, 80, 39, 198, 67, 90, 126, 109, 106, 15]
[95, 17, 6, 16, 77, 182, 156, 160, 100, 54, 119, 190, 42, 135, 144, 195, 203, 171, 218, 237, 152, 116, 20, 120, 48]
[133, 155, 174, 74, 214, 207, 78, 111, 131, 128, 33, 76, 234, 140, 69, 125, 141, 154, 205, 178, 82, 75, 186, 169]
[57, 60, 142, 196, 25, 21, 22, 18, 227]
[239, 235, 51, 113, 233, 158, 40, 122, 72, 139, 53, 187, 49, 130, 191, 176, 52, 138, 31]
[89, 102, 219, 26, 224, 115, 32, 223, 137, 123, 43, 162, 64, 217, 226, 101, 12, 213, 175, 68, 46, 98, 91, 132, 121, 159]
[185, 19, 168, 84, 200, 30, 104, 110, 45, 183, 172, 55, 165, 124, 88, 0, 73, 108, 209, 188]
[92, 146, 163, 204, 129, 173, 94, 143, 81, 36, 229, 230]
