357660.99999999994
[334, 92, 214, 296, 51, 226, 34, 465, 321, 419, 164, 301, 477, 260, 103, 435, 133, 99, 151, 77, 72, 358, 391, 68, 28]
[74, 322, 115, 217, 364, 353, 452, 333, 100, 65, 378, 359, 20, 191, 147, 11, 305, 84, 98, 278, 337, 13, 388, 125, 117, 222, 338, 445, 202, 207, 61, 423, 219]
[213, 411, 268, 57, 54, 221, 311, 235, 440, 201, 102, 387, 105, 257, 80, 174, 49, 442, 67]
[303, 238, 208, 15, 45, 178, 59, 478, 167, 230, 71, 195, 312, 183, 420, 348, 263, 361, 138, 145, 416, 225, 251, 245, 85, 256, 317]
[382, 324, 109, 111, 426, 320, 399, 394, 8, 367, 393, 107, 124, 223, 271, 464, 253, 171, 241, 97, 403, 66, 137]
[184, 212, 73, 277, 427, 91, 240, 94, 32, 179, 19, 1, 38, 341, 454, 415, 432, 188, 344, 401, 447, 6, 443, 161, 243, 220, 304, 55]
[291, 448, 352, 376, 200, 206, 16, 172, 26, 414, 259, 385, 156, 395, 365, 70, 468, 476, 375, 336, 190, 479, 224, 328, 31, 163, 116, 153, 180, 254]
[39, 408, 93, 332, 114, 41, 181, 158, 389, 126, 248, 409, 83, 286, 239, 369, 236, 282, 288, 372, 449, 459, 428, 58, 297, 293, 50]
[460, 392, 135, 96, 122, 450, 2, 246, 189, 329, 44, 270, 128, 384, 284, 302, 244, 255, 280, 266, 64, 299, 453, 132, 149]
[204, 343, 233, 60, 182, 3, 330, 198, 264, 232, 412, 345, 0, 17, 148, 319, 78, 472, 194, 89, 144, 120, 438]
[118, 323, 290, 421, 470, 229, 261, 314, 360, 22, 197, 374, 289, 143, 155, 287, 42, 53, 4, 23, 265, 123, 295]
[82, 379, 199, 318, 141, 56, 439, 106, 325, 373, 110, 108, 433, 316, 294, 461, 455, 131, 48, 136, 203, 306]
[469, 177, 95, 346, 52, 396, 247, 27, 173, 417, 10, 434, 176, 274, 313, 350, 196, 407, 43, 170, 216, 169, 279, 362]
[193, 162, 21, 29, 351, 397, 231, 400, 18, 437, 300, 186, 466, 402, 390, 25, 112, 310, 130, 81, 87, 285, 12, 309, 46, 404, 7, 146]
[473, 267, 258, 380, 90, 458, 69, 371, 456, 88, 129, 429, 467, 368, 227, 30, 370, 340, 76, 134, 355, 159, 422, 5, 152, 383, 339]
[86, 308, 205, 451, 187, 75, 462, 9, 35, 40, 175, 140, 349, 436, 283, 463, 405, 250, 315, 269, 342, 356, 276, 209, 228, 446, 166]
[142, 249, 119, 441, 215, 335, 150, 430, 47, 406, 63, 165, 474, 113, 425, 242, 36, 413, 398]
[210, 410, 357, 218, 14, 157, 234, 168, 307, 101, 424, 139, 273, 121, 211]
[24, 37, 347, 444, 275, 386, 298, 431, 381, 192, 292, 127, 79, 160, 471, 475, 185, 62, 363, 281, 331]
[377, 252, 154, 262, 104, 327, 354, 237, 272, 33, 326, 457, 366, 418]
