146678.80999999994
145523.9699999999
['5', '10', '20']
94.56157207489014
[234, 39, 84, 2, 142, 36, 146, 50, 11, 229, 228, 31, 4, 105, 223, 193, 192, 150, 62, 71, 45, 81, 113, 220]
[94, 169, 18, 145, 97, 1, 112, 24, 174, 42, 78, 133, 77, 144, 136, 98, 130, 101, 225, 153, 200]
[239, 180, 0, 23, 164, 212, 63, 87, 120, 173, 58, 216, 99, 35, 53, 109, 218, 70, 235]
[201, 148, 196, 199, 86, 46, 48, 236, 204, 34, 149, 152, 14, 161, 123, 102, 5, 140, 197, 66, 168, 154, 202, 138, 119, 7, 21]
[13, 177, 85, 38, 181, 49, 57, 198, 29, 40, 56, 28, 224, 3, 188, 104, 231, 121, 124, 115, 74, 68]
[32, 194, 100, 107, 131, 191, 79, 95, 47, 158, 80, 182, 51, 167, 41, 59, 83, 163, 186, 37, 6, 12, 26, 117, 165, 217]
[221, 114, 134, 222, 126, 44, 110, 166, 8, 230, 72, 10, 30, 156, 15, 137, 90, 73, 108, 76, 118, 82]
[20, 135, 103, 128, 238, 203, 215, 207, 69, 127, 93, 195, 122, 91, 25, 141, 111, 172, 151, 75, 89, 211, 160, 213, 208]
[233, 60, 187, 143, 219, 237, 155, 179, 55, 19, 88, 129, 227, 176, 54, 214]
[139, 125, 189, 16, 17, 226, 147, 157, 232, 178, 65]
[190, 52, 43, 183, 61, 162, 206, 92, 205, 132, 33, 96, 185, 171, 9]
[27, 209, 116, 175, 67, 184, 170, 22, 210, 159, 64, 106]
