149319.31499999994
['1', '2', '10']
9.795084238052368
[33, 155, 0, 41, 79, 46, 229, 112, 224, 195, 218, 101, 128, 236, 171, 121, 21, 154, 160, 92, 176, 180, 172, 11]
[181, 5, 232, 216, 117, 209, 89, 57, 81, 85, 25, 96, 109, 119, 13, 34, 237, 233, 134, 203, 48, 63, 190, 191, 188]
[50, 149, 175, 88, 9, 100, 83, 166, 40, 122, 143, 231, 20, 199, 22, 136, 19, 107, 127, 87, 185, 157]
[178, 39, 37, 200, 36, 170, 177, 213, 148, 64, 27, 4, 3, 98, 17, 150, 75, 66, 223, 204, 115, 151, 23]
[217, 162, 174, 32, 56, 239, 158, 52, 139, 60, 192, 186, 189, 144, 222, 45, 206, 67, 156]
[71, 129, 225, 49, 133, 228, 15, 65, 14, 167, 61, 93, 196, 211, 214, 141, 94, 82, 235, 90, 198, 140, 108, 153, 16]
[123, 30, 95, 78, 28, 44, 80, 220, 1, 138, 113, 146, 58, 102, 215, 53, 103, 7]
[62, 202, 72, 18, 205, 137, 24, 6, 182, 179, 201, 234, 59, 142, 173, 55, 77, 147, 227, 111, 38, 47, 238, 12]
[130, 168, 8, 207, 2, 69, 183, 120, 114, 76, 116, 161, 221, 212, 184, 219, 193]
[54, 197, 131, 70, 159, 145, 74, 135, 163, 126, 125, 110, 84, 35]
[152, 10, 99, 68, 97, 73, 169, 164, 26, 187, 51, 194, 31, 105, 42, 132]
[210, 230, 86, 104, 43, 165, 226, 118, 124, 208, 29, 106, 91]
