371392.0650000001
370925.8950000002
['2', '2', '30']
205.2095329761505
[393, 71, 142, 376, 300, 140, 386, 294, 463, 427, 78, 81, 435, 395, 148, 136, 95, 180, 96, 283, 384, 362, 43, 410, 11, 337, 401, 69, 6, 63, 305, 353, 141]
[34, 3, 248, 381, 223, 439, 158, 40, 77, 405, 27, 49, 39, 456, 36, 404, 208, 51, 214, 449, 268, 382, 190, 93, 57, 447]
[253, 170, 122, 258, 348, 436, 473, 231, 28, 29, 332, 341, 178, 352, 60, 467, 68, 303, 252, 316, 45, 74, 328, 41, 103, 175, 416]
[414, 302, 80, 284, 160, 108, 132, 387, 99, 444, 7, 285, 114, 115, 157, 445, 469, 364, 19, 357, 415, 336, 200, 2, 372, 73, 275]
[340, 280, 249, 368, 163, 143, 301, 52, 472, 446, 374, 309, 232, 61, 360, 325, 259, 464, 0, 104, 365, 242, 238, 130, 31, 199, 461, 236, 113, 355, 356, 390, 327]
[24, 335, 8, 226, 191, 457, 161, 25, 59, 209, 261, 126, 183, 281, 245, 380, 331, 164, 23, 278, 56, 222, 179, 418, 314, 37, 235]
[359, 94, 67, 107, 221, 392, 50, 218, 210, 354, 89, 413, 173, 92, 239, 440, 135, 159, 441, 237, 351, 106, 310, 437, 47]
[171, 465, 251, 196, 448, 150, 44, 116, 17, 409, 156, 90, 458, 442, 346, 123, 55, 265, 271, 110, 219, 339, 311, 224, 234, 478, 48, 151, 420, 216, 4, 35]
[9, 185, 155, 466, 299, 187, 86, 198, 30, 227, 12, 146, 62, 176, 169, 168, 424, 202, 321, 287, 152, 120, 471, 72, 217, 428]
[246, 189, 91, 293, 419, 128, 220, 422, 22, 333, 32, 100, 15, 229, 263, 367, 476, 462, 459, 20, 385, 443, 243, 282, 344, 149, 479]
[204, 421, 312, 434, 76, 375, 147, 83, 345, 230, 42, 289, 119, 394, 378, 295, 279, 255, 162, 124, 228, 326, 407, 451, 13, 109, 307, 320, 343, 117]
[470, 389, 412, 213, 406, 98, 322, 290, 349, 383, 172, 323, 54, 38, 84, 201, 430, 402]
[432, 195, 154, 21, 391, 207, 121, 342, 215, 75, 46, 400, 241, 398, 174, 370, 334]
[304, 5, 313, 257, 166, 250, 423, 330, 397, 291, 396, 266, 260, 139, 79, 399, 118, 477]
[186, 225, 131, 254, 273, 269, 177, 129, 429, 240, 475, 426, 347, 53, 197, 408, 182]
[308, 137, 317, 14, 296, 167, 452, 133, 379, 264, 358, 87, 431, 298, 192, 112, 188, 274, 66, 417, 102, 203]
[145, 127, 247, 244, 111, 165, 144, 194, 454, 211, 438, 10, 33, 373, 65, 361, 85, 64]
[105, 233, 101, 388, 184, 153, 474, 363, 205, 138, 125, 16, 26, 286, 468, 329, 324, 97, 453]
[455, 350, 1, 277, 82, 297, 206, 318, 267, 270, 262, 425, 377, 315, 338, 450, 193, 256, 403]
[276, 411, 88, 70, 58, 433, 306, 212, 292, 319, 460, 369, 18, 371, 288, 366, 181, 134, 272]
