153074.33999999956
152055.69899999967
['5', '5', '100']
193.92252206802368
[114, 78, 87, 217, 222, 28, 223, 191, 112, 59, 135, 229, 108, 10, 51, 94, 58, 106, 143, 30, 153, 66, 164, 121, 26, 19]
[187, 113, 55, 107, 198, 29, 72, 158, 197, 62, 154, 150, 5, 199, 86, 45, 186, 61, 162, 23, 80, 194, 152, 84, 208]
[31, 115, 60, 132, 166, 73, 130, 232, 140, 21, 64, 105, 156, 195, 234, 233, 167, 200, 218, 0, 69, 171, 146, 204, 9]
[39, 2, 202, 47, 226, 34, 236, 65, 120, 149, 148, 182, 102, 239, 147, 46, 180, 50, 201, 109, 142]
[134, 178, 118, 141, 76, 131, 123, 189, 125, 213, 99, 20, 175, 43, 91, 52, 145, 32, 38, 219, 144, 192, 137, 103, 122, 188]
[101, 104, 124, 165, 172, 168, 183, 185, 238, 14, 231, 33, 81, 110, 184, 77, 179, 37, 119, 17, 228, 36]
[82, 25, 196, 88, 212, 95, 139, 160, 190, 6, 100, 54, 12, 129, 227, 128, 89, 79, 57, 40]
[1, 18, 174, 24, 42, 4, 97, 237, 133, 161, 157, 169, 68, 220, 211, 56, 163]
[206, 235, 230, 221, 83, 74, 98, 203, 181, 49, 15, 207, 70, 41, 173, 224, 159, 16, 151, 138, 111, 48]
[126, 117, 176, 7, 225, 93, 216, 116, 155, 136, 209, 205]
[96, 92, 8, 71, 177, 44, 11, 63, 214, 127, 53]
[85, 75, 35, 67, 13, 210, 27, 193, 215, 170, 90, 22, 3]
