150728.31299999962
149079.9409999997
['5', '5', '30']
68.99352955818176
[215, 9, 142, 31, 91, 161, 33, 45, 107, 81, 74, 156, 192, 21, 179, 159, 140, 40, 238, 227, 204]
[148, 173, 69, 90, 166, 128, 206, 22, 151, 88, 52, 186, 223, 37, 11, 99, 10, 221, 195, 229, 185, 203, 218]
[84, 25, 230, 234, 64, 188, 200, 211, 100, 164, 106, 193, 145, 17, 158, 56, 172, 13, 70]
[237, 28, 29, 209, 126, 165, 34, 226, 51, 239, 174, 30, 93, 191, 44, 103, 27, 135, 49, 134, 210]
[199, 47, 217, 15, 121, 201, 109, 184, 222, 154, 0, 80, 77, 95, 132, 189, 104, 233, 18]
[198, 97, 60, 4, 53, 197, 119, 24, 57, 213, 153, 7, 175, 167, 220, 19, 112, 157, 38, 202, 92, 137, 169, 178, 55, 152, 150, 89, 39, 127]
[23, 43, 176, 123, 171, 139, 149, 131, 82, 208, 78, 143, 101, 58, 83, 235, 125, 1, 111, 65, 66, 20]
[212, 110, 136, 224, 187, 180, 8, 85, 41, 122, 155, 124, 50, 216, 214, 63, 116, 120, 194, 36, 98]
[105, 196, 225, 162, 102, 46, 177, 160, 231, 12, 32, 183, 87, 146, 141, 114, 147, 54, 190, 61, 79]
[76, 232, 75, 130, 94, 16, 108, 6, 207, 113, 5, 3, 115, 73, 48, 59, 86, 14, 96, 35, 168]
[144, 170, 71, 138, 67, 236, 228, 68, 133, 42]
[117, 72, 2, 62, 163, 182, 26, 205, 129, 219, 118, 181]
