372611.1800000018
372611.1800000018
['2', '2', '30']
181.02114176750183
[349, 404, 116, 90, 123, 41, 361, 307, 228, 16, 120, 205, 347, 210, 47, 232, 192, 418, 442, 129, 15, 406, 389, 374, 271, 86, 300]
[81, 100, 170, 265, 0, 354, 366, 54, 223, 463, 259, 243, 166, 329, 88, 227, 234, 214, 48, 160, 51, 184, 280, 138, 24, 358]
[257, 80, 308, 325, 386, 187, 108, 459, 253, 236, 174, 352, 212, 75, 45, 57, 38, 424, 56, 446, 297, 168, 5, 226]
[191, 472, 315, 182, 112, 199, 420, 109, 412, 34, 312, 216, 258, 23, 316, 244, 476, 254, 151, 153, 344, 405, 29, 429, 284, 456, 303]
[22, 59, 198, 9, 379, 240, 193, 178, 74, 318, 410, 241, 175, 179, 407, 245, 267, 326, 77, 152, 293, 119, 28, 396, 68, 114, 427, 470, 279, 428, 201, 177, 367]
[197, 334, 208, 356, 296, 136, 27, 276, 320, 336, 79, 390, 93, 479, 251, 394, 440, 76, 441, 455, 101, 317, 117, 131, 36, 328, 53, 89, 363]
[207, 194, 274, 4, 91, 115, 39, 431, 233, 275, 430, 150, 8, 58, 388, 380, 229, 302, 306, 371, 163, 422, 398, 360, 98, 132, 475, 195, 105, 450]
[311, 283, 400, 345, 149, 185, 381, 148, 42, 471, 310, 359, 261, 346, 121, 382, 322, 25, 277, 426, 343, 278, 250, 44, 252, 399]
[7, 11, 468, 102, 188, 218, 26, 466, 203, 319, 321, 242, 353, 103, 423, 368, 391, 333, 351, 299, 14, 383, 327]
[135, 95, 211, 255, 213, 376, 13, 460, 273, 139, 419, 365, 237, 17, 83, 70, 451, 130, 435, 393, 295, 73, 291, 140]
[421, 104, 161, 65, 340, 285, 128, 270, 309, 137, 332, 49, 78, 395, 50, 335, 262, 438, 82, 342, 449, 348, 286, 281, 314]
[183, 246, 439, 97, 461, 231, 341, 180, 55, 473, 40, 416, 127, 462, 415, 235, 230, 164, 377, 99, 165, 469, 37, 272, 156, 87, 66, 413, 448, 84]
[397, 6, 147, 96, 331, 269, 248, 92, 12, 133, 260, 1, 31, 124, 43, 289, 60, 408, 125, 298, 324, 2, 46, 447, 217, 173, 370]
[196, 464, 71, 20, 458, 67, 392, 157, 338, 204, 35, 304, 69, 189, 401, 256, 202, 282, 176, 224, 190, 221, 219, 403]
[434, 474, 106, 238, 21, 171, 452, 387, 414, 94, 411, 288, 134, 454, 247, 159, 445, 167, 3]
[433, 155, 32, 330, 200, 437, 369, 292, 287, 364, 19, 85, 477, 62, 417, 350, 467]
[362, 142, 355, 222, 266, 385, 313, 436, 453, 301, 337, 30, 181, 33, 249, 357, 268, 432, 220, 110]
[146, 186, 162, 225, 339, 264, 158, 141, 384, 305, 113, 172, 323, 425, 215, 145]
[409, 64, 443, 206, 478, 72, 107, 263, 118, 402, 52, 209, 373, 169, 154, 18]
[126, 122, 372, 144, 290, 111, 143, 63, 294, 465, 444, 239, 375, 457, 61, 378, 10]
