153130.91
151046.35300000006
['5', '2', '100']
191.09625267982483
[60, 115, 31, 28, 132, 164, 40, 57, 122, 103, 184, 51, 93, 5, 91, 145, 127, 200, 87, 217, 119, 94, 3, 131, 223]
[130, 114, 25, 175, 82, 234, 101, 153, 1, 105, 201, 148, 231, 14, 123, 9, 197, 11, 85, 71, 46, 75, 38, 118]
[149, 186, 239, 207, 180, 229, 187, 188, 202, 66, 2, 128, 213, 112, 34, 99, 212, 42, 214, 181, 219, 26, 185, 125, 96]
[86, 44, 95, 170, 45, 222, 208, 117, 92, 120, 72, 221, 48, 49, 79, 135, 90, 84, 190, 167, 154, 166, 165, 138]
[147, 23, 39, 226, 224, 89, 174, 102, 12, 65, 73, 0, 235, 81, 27, 52, 236, 204, 35, 159, 134, 76, 199, 30]
[21, 179, 37, 77, 22, 6, 163, 182, 17, 216, 64, 59, 158, 110, 13, 88, 196, 67, 192, 16]
[237, 156, 155, 172, 55, 218, 152, 136, 33, 143, 97, 4, 142, 203, 227, 107, 116, 169, 68]
[194, 228, 230, 36, 69, 191, 129, 157, 133, 80, 171, 195, 50, 54, 211, 15, 47, 146, 178, 19, 109]
[124, 225, 58, 20, 233, 29, 111, 238, 215, 193, 70, 151, 83, 177, 144, 18, 43, 32, 24, 160, 61]
[53, 62, 198, 206, 161, 8, 63, 56, 183, 137, 209, 139]
[126, 205, 141, 10, 7, 220, 176, 189, 74, 100, 150, 98, 210]
[106, 121, 162, 41, 173, 108, 113, 78, 140, 232, 104, 168]
