149288.14300000045
[188, 133, 84, 75, 161, 41, 88, 95, 90, 26, 60, 35, 227, 199, 57, 181, 136, 139, 195, 92, 223, 159, 71, 191, 207, 109, 102, 117]
[11, 130, 154, 50, 76, 119, 101, 197, 155, 179, 8, 103, 182, 137, 37, 13, 210, 111, 79, 143, 126, 222, 77]
[36, 89, 214, 192, 148, 116, 193, 82, 217, 142, 86, 134, 78, 63, 219, 215, 162, 28, 175, 46, 4, 147, 151, 108, 40, 38]
[74, 225, 69, 201, 141, 183, 65, 218, 209, 99, 7, 204, 62, 53, 5, 213, 236, 39, 19, 43, 152, 81, 24]
[211, 1, 55, 131, 174, 58, 29, 12, 164, 25, 6, 226, 20, 158, 34, 185, 171, 129, 220]
[31, 72, 157, 115, 180, 123, 176, 98, 178, 15, 18, 23, 184, 100, 94, 66, 202, 54, 239, 186, 80]
[177, 224, 187, 91, 106, 233, 112, 14, 124, 145, 16, 113, 59, 237, 160, 110, 172, 70, 232, 44, 138, 97, 48]
[144, 33, 149, 200, 107, 67, 170, 221, 122, 163, 22, 135, 30, 118, 10, 206, 228, 9, 165, 21, 64, 120, 189]
[61, 153, 127, 168, 32, 238, 167, 169, 42, 156, 51, 27, 194, 96, 212, 68, 93, 150, 125, 0, 235]
[87, 73, 196, 56, 234, 166, 198, 52, 128, 83, 49, 45]
[47, 208, 121, 203, 190, 173, 105, 104, 216, 114, 3]
[205, 229, 2, 230, 17, 146, 85, 231, 132, 140]
