131904.40399999975
129437.0049999997
['5', '50', '30']
189.7944414615631
[183, 49, 143, 60, 36, 177, 44, 92, 63, 169, 59, 28, 6, 235, 219, 130, 128, 138, 109, 20]
[120, 13, 8, 202, 9, 99, 101, 127, 167, 233, 141, 214, 7, 208, 185, 238, 220, 116, 65, 147, 66, 222, 33, 123]
[104, 91, 200, 198, 51, 145, 188, 213, 21, 206, 23, 170, 161, 64, 232, 152, 196, 39, 111, 89, 19, 180, 207, 74]
[192, 216, 117, 201, 181, 210, 155, 22, 85, 55, 87, 70, 189, 5, 32, 163, 118, 62, 225, 131]
[175, 103, 18, 162, 26, 80, 223, 30, 121, 76, 204, 154, 224, 126, 164, 106, 194, 107, 12, 229, 195, 137, 237, 221, 134, 24]
[231, 160, 25, 105, 140, 191, 203, 73, 139, 125, 1, 153, 68, 14, 234, 97, 150, 100, 187, 42, 41, 93, 79, 108]
[174, 179, 78, 96, 133, 88, 230, 94, 52, 77, 29, 184, 132, 31, 218, 46, 102]
[178, 16, 11, 159, 142, 226, 209, 4, 217, 146, 228, 199, 158, 15, 227, 205, 190, 72, 71, 148, 211, 27]
[156, 168, 193, 215, 182, 38, 129, 172, 151, 69, 86, 239, 119, 186, 110, 114, 212, 61, 0, 48, 236, 40, 10, 50]
[17, 149, 53, 54, 165, 135, 136, 83, 45, 84, 34]
[144, 166, 113, 197, 157, 112, 176, 43, 3, 47, 56, 124, 98, 75, 173, 122, 82]
[90, 115, 81, 35, 57, 37, 171, 58, 95, 67, 2]
