356360.75799999933
[249, 143, 222, 13, 355, 368, 117, 51, 194, 277, 455, 131, 453, 236, 420, 121, 68, 130, 318, 304, 271, 463, 88, 274, 293, 397, 243, 124]
[406, 178, 82, 326, 286, 460, 85, 73, 260, 328, 212, 322, 469, 365, 280, 188, 191, 396, 475, 254, 312, 232, 196, 417, 89, 311, 66]
[437, 270, 399, 424, 120, 26, 364, 215, 359, 78, 384, 113, 23, 95, 395, 343, 67, 351, 87, 380, 248, 56, 111, 200, 72, 30, 138]
[307, 1, 169, 175, 369, 19, 15, 123, 426, 275, 14, 36, 477, 154, 430, 60, 227, 22, 156, 462, 438, 253, 125, 433, 24]
[251, 129, 339, 306, 285, 29, 361, 177, 112, 49, 458, 28, 54, 247, 197, 233, 209, 104, 262, 152, 457, 468, 33, 69, 133, 142, 164, 302, 294, 358]
[297, 198, 109, 70, 220, 264, 278, 292, 61, 74, 332, 421, 337, 41, 203, 425, 447, 347, 205, 367, 391, 281, 408, 214]
[379, 86, 103, 47, 266, 94, 416, 207, 237, 174, 265, 157, 185, 150, 473, 409, 336, 228, 79, 127, 105, 245, 411, 338, 317, 168, 319, 335, 180, 50]
[330, 456, 444, 410, 141, 9, 77, 303, 448, 279, 92, 439, 436, 450, 381, 434, 230, 246, 400, 287, 352, 441, 46, 258, 373]
[192, 225, 390, 238, 173, 151, 93, 382, 160, 290, 224, 99, 250, 372, 301, 414, 257, 256, 213, 269, 284, 454, 313, 165, 465, 107]
[283, 459, 189, 259, 288, 158, 187, 240, 181, 135, 0, 392, 64, 221, 167, 44, 76, 35, 244, 210, 10, 176, 11, 149, 354]
[471, 162, 20, 163, 443, 159, 53, 415, 403, 478, 63, 139, 309, 137, 398, 387, 402, 32, 128, 252, 179, 440, 97, 334, 401, 100, 81, 83, 310, 17, 239, 389, 267, 346]
[75, 3, 321, 452, 161, 155, 216, 118, 37, 58, 27, 349, 38, 371, 418, 422, 276, 31, 470, 218, 171, 449, 325]
[329, 226, 16, 344, 374, 386, 320, 241, 40, 405, 145, 172, 25, 170, 308, 7, 208, 153, 377, 229, 378, 362, 80, 255, 71, 234, 413, 34, 195]
[211, 183, 305, 350, 146, 388, 366, 340, 435, 136, 282, 323, 108, 193, 62, 102, 231, 466, 52, 12]
[445, 432, 186, 202, 223, 299, 217, 331, 114, 98, 261, 43, 42, 206, 106, 199]
[407, 116, 6, 132, 204, 144, 91, 342, 360, 431, 412, 39, 235, 115, 476, 110, 55, 21, 316, 324]
[327, 5, 428, 119, 296, 404, 45, 429, 134, 4, 298, 268, 467, 59, 289]
[272, 376, 96, 385, 370, 263, 190, 314, 166, 348, 357, 101, 341, 295, 201, 65, 147, 464]
[345, 423, 122, 375, 356, 90, 474, 8, 148, 140, 472, 363, 333, 383, 219, 427, 419, 273]
[461, 126, 315, 353, 393, 182, 394, 84, 446, 57, 48, 451, 242, 291, 479, 300, 442, 18, 184, 2]
