151141.462
149969.75500000003
['5', '5', '30']
124.4939615726471
[53, 132, 121, 35, 215, 56, 32, 54, 221, 29, 51, 196, 190, 71, 80, 142, 90, 28, 33, 93, 205, 165, 86]
[173, 238, 198, 202, 112, 169, 150, 141, 158, 61, 231, 62, 23, 26, 78, 210, 148, 157, 188, 37, 89, 139, 94, 25]
[0, 46, 229, 50, 155, 9, 147, 175, 19, 218, 149, 195, 194, 101, 168, 227, 211, 236, 100, 222, 239, 162, 197, 186, 74]
[41, 180, 11, 58, 174, 131, 96, 83, 224, 181, 182, 21, 12, 48, 92, 84, 98, 130, 230, 156, 122, 125, 126, 63, 8]
[176, 209, 207, 109, 143, 134, 208, 118, 85, 7, 34, 17, 120, 237, 151, 104, 38, 166, 212, 114, 206, 43, 217]
[2, 161, 183, 66, 20, 10, 102, 97, 64, 27, 3, 235, 123, 146, 16, 232, 14, 1, 106, 234]
[160, 15, 47, 81, 124, 59, 163, 111, 191, 178, 129, 4, 154, 88, 117, 214, 115, 44, 138, 77, 203, 201, 193, 145]
[137, 69, 152, 31, 18, 220, 57, 5, 91, 72, 60, 119, 65, 200, 228, 184, 99, 192, 52, 140, 30, 55]
[219, 13, 213, 177, 171, 144, 135, 164, 70, 167]
[67, 45, 103, 113, 40, 189, 185, 199, 204, 68]
[226, 172, 42, 110, 128, 6, 39, 36, 179, 127, 223, 170, 95, 49, 116, 82]
[187, 22, 133, 136, 76, 24, 87, 216, 105, 107, 108, 75, 153, 225, 159, 73, 79, 233]
