155221.8500000002
150047.5600000001
['5', '5', '100']
247.41073966026306
[238, 36, 203, 106, 210, 11, 155, 91, 218, 222, 55, 94, 158, 201, 219, 113, 137, 179, 108, 24, 81, 134, 157, 98, 176, 63, 226, 22, 101]
[183, 197, 97, 126, 213, 205, 232, 136, 150, 87, 88, 103, 181, 159, 13, 185, 140, 53, 3, 190, 234, 117]
[2, 165, 56, 229, 147, 169, 42, 112, 135, 216, 14, 163, 164, 207, 69, 227, 66, 62, 130, 95, 170, 67, 72, 118, 102, 144, 90]
[138, 21, 114, 206, 204, 233, 223, 30, 110, 141, 15, 111, 122, 57, 189, 17, 221, 162, 18, 85, 28, 86]
[44, 239, 139, 19, 39, 9, 73, 160, 167, 143, 5, 120, 151, 100, 77, 68, 172, 199, 186, 26, 187, 48, 1, 212, 193]
[142, 92, 182, 132, 45, 8, 116, 109, 93, 79, 54, 192, 236, 152, 231, 99, 82, 121, 115, 230, 168, 29, 124, 75, 35, 125]
[7, 78, 235, 74, 225, 209, 46, 32, 123, 156, 148, 173, 224, 220, 131, 58, 33, 211, 153, 178, 146, 217]
[49, 37, 180, 191, 198, 208, 23, 184, 50, 119, 43, 228, 52, 96, 80, 83, 76, 0, 64, 89]
[202, 237, 175, 149, 12, 174, 128, 47, 127, 34]
[133, 84, 41, 60, 129, 161, 16, 195, 61, 71]
[145, 166, 70, 196, 104, 215, 59, 27, 200, 40, 65]
[20, 154, 6, 105, 31, 177, 25, 171, 51, 10, 214, 4, 107, 194, 188, 38]
