366253.0619999997
365519.0839999997
['2', '2', '30']
237.02440285682678
[289, 66, 112, 301, 24, 22, 55, 86, 321, 277, 432, 41, 64, 410, 122, 205, 185, 35, 372, 54, 84, 390, 13, 204, 203, 105, 197, 113, 384, 171]
[457, 411, 461, 268, 459, 78, 102, 0, 213, 12, 188, 193, 16, 91, 49, 137, 53, 415, 89, 282]
[269, 229, 216, 286, 297, 73, 393, 467, 283, 166, 92, 335, 226, 46, 106, 206, 347, 449, 150, 7, 376, 320, 238, 94, 438, 278, 413]
[318, 103, 99, 33, 135, 358, 255, 132, 164, 249, 328, 165, 398, 11, 477, 196, 312, 345, 254, 448, 386, 355]
[172, 134, 456, 140, 247, 479, 70, 405, 342, 430, 201, 315, 476, 100, 152, 292, 340, 427, 409, 181, 327, 464, 469, 240, 260, 224, 279, 256, 29]
[450, 96, 244, 246, 219, 149, 30, 395, 394, 85, 274, 313, 36, 2, 189, 270, 329, 280, 182, 396, 128, 333, 366, 419, 153]
[397, 234, 455, 51, 52, 44, 215, 93, 167, 57, 146, 230, 148, 302, 475, 267, 151, 48, 235, 380, 126, 271, 360, 266, 56, 3]
[293, 168, 175, 75, 375, 362, 468, 218, 273, 412, 45, 331, 156, 462, 14, 285, 354, 237, 69]
[236, 131, 200, 414, 123, 81, 25, 295, 42, 4, 191, 65, 472, 374, 124, 364, 222, 116, 423, 115, 130, 265, 95, 158, 80, 143, 90, 420, 379, 298]
[104, 284, 133, 458, 460, 192, 307, 392, 350, 453, 402, 187, 129, 433, 352, 445, 365, 47, 211, 27, 314, 377, 63, 406]
[346, 473, 109, 32, 299, 243, 228, 399, 38, 1, 351, 138, 421, 443, 291, 17, 272, 214, 276, 61, 422, 253, 383, 367, 381]
[334, 369, 248, 262, 332, 389, 408, 252, 311, 114, 179, 176, 83, 370, 306, 59, 263, 245, 173, 382, 281, 344, 259]
[404, 28, 174, 349, 294, 139, 275, 232, 159, 221, 136, 471, 434, 15, 62, 424, 50, 239, 77, 368, 378, 6, 162, 361, 210]
[336, 190, 208, 154, 322, 324, 454, 429, 446, 426, 436, 71, 23, 465, 110, 400, 147, 127, 431, 231, 363, 385, 160, 407, 348, 391, 451, 227, 209, 207, 186]
[72, 435, 416, 88, 202, 341, 21, 316, 258, 442, 401, 120, 418, 68, 319, 98, 288, 305, 330, 125, 470, 108, 9, 300, 304, 183, 26]
[261, 195, 290, 10, 170, 40, 303, 58, 74, 184, 107, 478, 101, 117, 8, 178, 220, 199, 5, 287, 34, 169, 447, 225]
[439, 37, 325, 323, 141, 353, 157, 444, 257, 242, 296, 264, 440, 119, 357, 194, 39, 387]
[82, 20, 217, 428, 343, 161, 356, 338, 359, 60, 144, 388, 121, 43, 417, 155, 198, 241, 308]
[111, 67, 463, 425, 403, 317, 177, 371, 452, 180, 474, 373, 437, 18, 466, 145, 310]
[223, 163, 31, 441, 142, 79, 250, 76, 118, 97, 212, 337, 19, 87, 309, 251, 233, 339, 326]
