147099.4620000001
[94, 24, 77, 110, 19, 223, 117, 4, 210, 38, 33, 180, 200, 1, 119, 70, 92, 181, 225]
[2, 231, 99, 154, 8, 123, 204, 163, 28, 236, 148, 9, 134, 140, 169, 149, 194, 174, 72]
[187, 40, 116, 85, 50, 224, 103, 122, 155, 25, 74, 157, 102, 31, 146, 238, 108, 153, 192, 218, 156, 39, 185, 124, 44]
[172, 54, 175, 232, 233, 45, 49, 26, 107, 161, 0, 147, 47, 235, 11, 101, 64, 158, 145, 30, 105, 35, 201, 21, 10, 7, 52]
[42, 57, 197, 83, 32, 190, 60, 115, 106, 228, 15, 167, 100, 80, 165, 18, 133, 159, 66, 111, 125, 230, 67, 150]
[37, 71, 16, 170, 127, 12, 78, 144, 75, 65, 84, 237, 76, 188, 202, 130, 137, 36, 63, 82, 176, 121, 93, 203, 97]
[41, 214, 109, 43, 182, 62, 112, 126, 216, 220, 69, 90, 95, 173, 17, 166, 104, 23, 211, 6, 61]
[89, 215, 98, 29, 53, 142, 186, 164, 91, 79, 229, 5, 205, 129, 139, 73, 48, 27, 226, 86, 59, 87, 168]
[120, 217, 55, 239, 160, 212, 234, 177, 206, 195, 151, 208, 141, 152, 184, 46, 58, 128, 221, 51, 3, 20, 196]
[138, 81, 162, 131, 135, 56, 171, 88, 113, 193, 118]
[199, 189, 22, 143, 68, 191, 178, 198, 132]
[219, 96, 207, 34, 213, 114, 183, 222, 13, 14, 179, 209, 136, 227]
