143505.77699999957
139133.6859999996
['5', '20', '30']
159.98528695106506
[200, 106, 230, 51, 210, 113, 184, 77, 74, 232, 177, 88, 52, 91, 216, 38, 114, 68]
[104, 0, 117, 56, 30, 6, 155, 73, 163, 34, 205, 109, 123, 147, 181, 7, 102, 111, 41, 229, 190, 158, 142, 95, 172, 194, 215, 9, 110, 159]
[27, 75, 86, 79, 3, 76, 171, 226, 55, 10, 84, 83, 238, 199, 195, 224, 212, 64, 15]
[132, 80, 167, 187, 107, 135, 99, 120, 126, 53, 138, 154, 152, 116, 180, 169, 168, 93, 70, 97, 121, 197, 128, 58, 31]
[87, 143, 211, 196, 94, 65, 185, 61, 50, 62, 72, 28, 25, 164, 133, 191, 233, 219, 35]
[71, 221, 33, 13, 165, 32, 37, 198, 213, 59, 105, 139, 144, 137, 140, 57, 82, 47, 18, 156, 12]
[40, 36, 4, 175, 54, 2, 174, 178, 29, 129, 160, 173, 149, 112, 5, 17, 202, 92, 166, 176, 16, 201, 193, 44, 19, 26, 43, 227]
[146, 42, 48, 60, 100, 218, 21, 46, 204, 186, 208, 85, 179]
[119, 101, 209, 214, 234, 81, 220, 98, 96, 14, 136, 239, 162, 11, 145, 134, 67, 130, 150, 125, 127, 45, 161, 157, 153, 22]
[188, 24, 8, 237, 49, 131, 78, 124, 222, 235, 217, 236, 192]
[183, 1, 69, 118, 108, 63, 189, 206, 151, 103, 122, 90, 182, 170, 66]
[39, 228, 223, 23, 203, 89, 148, 225, 20, 141, 207, 231, 115]
