150561.07500000013
148056.57900000006
['10', '10', '20']
162.65208196640015
[7, 54, 10, 77, 160, 9, 191, 67, 51, 79, 168, 129, 174, 225, 163, 185, 102, 221, 134, 149, 183, 158, 177]
[5, 159, 164, 104, 128, 141, 233, 89, 143, 63, 155, 227, 224, 218, 68, 62, 94, 42, 123, 29, 215, 93, 146, 95, 232, 45, 131, 112, 189, 41, 234]
[0, 109, 193, 179, 127, 139, 172, 90, 103, 235, 132, 105, 27, 212, 49, 138, 65, 99, 4, 220, 165, 136]
[75, 71, 97, 66, 11, 70, 38, 204, 142, 20, 12, 64, 15, 190, 72, 23, 35, 98, 239, 57, 96]
[39, 237, 18, 91, 26, 28, 25, 198, 197, 230, 59, 14, 219, 182, 108, 157, 236, 56, 148, 106, 119, 223, 74, 210, 170, 180, 178, 100, 110]
[2, 130, 83, 86, 154, 52, 166, 196, 84, 48, 125, 69, 214, 194, 173, 169, 118, 43, 33]
[30, 184, 111, 161, 8, 153, 228, 81, 31, 171, 82, 188, 176, 101, 60, 78, 121, 211]
[73, 117, 150, 201, 209, 40, 120, 151, 113, 207, 17, 1, 205, 187]
[55, 147, 217, 122, 61, 21, 116, 124, 32, 238, 22, 192, 87]
[226, 80, 19, 133, 202, 53, 195, 135, 46, 213, 44, 167, 156, 200, 186, 13, 199, 47, 152, 115, 85, 24, 140, 3, 76]
[137, 107, 126, 144, 6, 36, 216, 88, 208, 145, 222, 58]
[50, 175, 114, 181, 92, 34, 229, 16, 203, 162, 37, 206, 231]
