155650.1920000004
150748.53800000026
['5', '5', '100']
224.78784799575806
[164, 208, 13, 213, 154, 15, 182, 93, 218, 212, 101, 181, 42, 109, 96, 111, 71, 135, 176, 188, 147, 216, 179, 56, 98, 119]
[219, 51, 35, 78, 159, 150, 230, 169, 115, 11, 177, 77, 18, 55, 31, 79, 225, 87, 75, 73, 210, 214, 211]
[112, 166, 44, 80, 178, 205, 149, 199, 39, 88, 231, 20, 94, 140, 132, 32, 161, 116, 220, 53, 168, 2, 110]
[232, 209, 9, 217, 52, 129, 50, 27, 43, 83, 14, 65, 229, 235, 30, 236, 175, 81, 104, 207, 61, 59, 193]
[148, 41, 224, 49, 134, 131, 95, 167, 85, 76, 123, 100, 233, 136, 89, 221, 107, 7, 162, 108, 172, 183, 139, 24, 16, 102, 124, 19]
[38, 191, 198, 173, 62, 64, 137, 163, 74, 144, 121, 40, 238, 69, 57, 152, 142, 184, 37, 239, 222, 34, 190, 5, 117]
[54, 170, 197, 186, 1, 192, 157, 127, 156, 58, 234, 36, 196, 226, 138, 215, 202, 22, 120, 158, 3, 90, 223, 141]
[29, 12, 118, 185, 200, 28, 204, 72, 114, 228, 17, 201, 143, 48, 103, 25, 106, 227, 174]
[145, 99, 26, 68, 23, 153, 91, 113, 194, 165, 63, 130, 8, 33, 97, 6, 146]
[206, 126, 171, 237, 128, 203, 10, 189, 82, 122]
[160, 0, 92, 86, 46, 21, 45, 155, 4, 60, 105]
[187, 47, 151, 180, 67, 70, 66, 195, 125, 133, 84]
