360547.8750000012
[251, 347, 357, 279, 109, 167, 114, 86, 285, 68, 463, 6, 166, 473, 271, 449, 337, 148, 151, 154, 294, 164, 1, 101, 468, 173]
[464, 182, 248, 458, 392, 20, 207, 16, 196, 8, 29, 137, 260, 150, 317, 378, 413, 397, 299, 193, 427, 98, 431, 181, 4, 230]
[15, 126, 80, 81, 346, 65, 122, 375, 205, 409, 263, 49, 323, 439, 444, 61, 72, 223, 478, 270, 121, 261, 372, 282, 239, 390, 225, 396, 186]
[350, 295, 435, 155, 411, 214, 380, 161, 377, 274, 92, 245, 142, 391, 160, 202, 402, 229, 358, 259, 477, 37, 85, 416, 327, 117, 112, 441, 426, 156]
[201, 276, 67, 479, 222, 123, 124, 27, 206, 267, 30, 455, 398, 306, 434, 134, 313, 266, 326, 74, 180, 79, 84, 462, 168, 247, 406, 233, 115, 307, 46, 77]
[10, 140, 255, 386, 82, 213, 218, 393, 133, 136, 143, 18, 244, 408, 428, 157, 141, 265, 321, 212, 83, 284, 456, 183]
[5, 330, 56, 256, 9, 96, 200, 198, 237, 325, 69, 88, 459, 373, 103, 419, 268, 17, 203, 394, 32, 385, 341, 401, 466]
[334, 199, 93, 420, 370, 197, 310, 315, 31, 257, 344, 288, 356, 437, 25, 171, 417, 442, 291, 269, 240, 292, 472, 438]
[422, 153, 312, 361, 185, 231, 71, 364, 42, 328, 471, 405, 469, 287, 219, 179, 399, 281, 2, 14, 243, 362, 131, 38, 368, 445, 94]
[352, 303, 146, 250, 249, 100, 11, 184, 163, 28, 277, 64, 204, 66, 190, 44, 443, 290, 130, 275]
[264, 235, 322, 389, 355, 298, 41, 425, 403, 320, 454, 296, 452, 75, 476, 76, 34, 176, 169, 97, 324, 311, 242, 353]
[125, 12, 91, 57, 132, 232, 465, 47, 273, 238, 111, 128, 99, 23, 418, 7, 228, 460, 162, 87, 104, 319, 432, 60, 461, 158, 382]
[147, 188, 129, 22, 116, 102, 26, 175, 410, 339, 381, 33, 170, 329, 189, 351, 280, 73, 187, 48, 59, 360, 332, 286, 421, 342, 139, 433, 395]
[404, 349, 371, 90, 331, 0, 195, 333, 262, 450, 50, 105, 78, 53, 363, 51, 253, 359, 258, 300, 226, 21]
[58, 106, 302, 388, 39, 215, 423, 457, 118, 144, 62, 192, 191, 174, 236, 374, 407, 208, 474, 36, 107, 429, 252, 278, 211, 127, 165, 335, 447]
[145, 451, 254, 448, 314, 414, 400, 338, 178, 234, 283, 120, 55, 318, 89, 305, 475, 70, 35]
[135, 159, 369, 308, 108, 177, 383, 13, 63, 376, 367, 221, 209]
[43, 152, 289, 387, 365, 412, 138, 379, 40, 301, 304, 467, 95, 194, 446, 436, 297, 453, 227, 354]
[54, 217, 241, 348, 336, 246, 384, 293, 415, 210, 24, 430, 19, 366, 345, 3, 172]
[216, 424, 113, 220, 110, 224, 149, 316, 470, 343, 45, 52, 440, 272, 309, 340, 119]
