156610.62500000035
153468.93000000014
['5', '2', '100']
195.09984850883484
[227, 159, 13, 200, 45, 11, 8, 222, 79, 54, 180, 37, 39, 99, 15, 163, 21, 93, 115, 224, 75, 191, 158, 129, 116, 9]
[5, 210, 218, 106, 235, 32, 220, 63, 74, 167, 65, 109, 91, 69, 40, 24, 71, 226, 111, 230, 207, 92, 112, 124]
[2, 19, 20, 151, 30, 223, 169, 204, 107, 76, 62, 114, 135, 154, 68, 160, 3, 239, 100, 187, 61, 16, 211]
[49, 215, 126, 192, 147, 36, 162, 142, 174, 110, 161, 148, 208, 149, 193, 145, 194, 225, 73, 139, 166, 52]
[77, 105, 47, 156, 176, 72, 95, 102, 44, 138, 165, 60, 214, 177, 6, 195, 108, 31, 38, 130, 82, 97, 86, 50, 228]
[35, 141, 26, 41, 43, 64, 81, 14, 233, 48, 217, 53, 59, 84, 175, 57, 188, 131, 25, 137, 185, 1, 128, 209]
[127, 17, 12, 229, 10, 197, 216, 56, 206, 140, 190, 232, 66, 80]
[152, 179, 94, 58, 231, 55, 113, 146, 90, 155, 7, 201, 189, 178, 164, 172, 0, 168, 132, 118, 212, 157, 196, 122, 125]
[117, 183, 205, 88, 51, 238, 22, 199, 213, 101, 181, 98, 103, 202, 143, 203, 33, 144, 96, 234, 87, 173, 28, 42]
[29, 104, 78, 121, 186, 120, 70, 219, 182, 184]
[123, 134, 18, 89, 85, 150, 83, 67, 170, 221, 136, 27, 34]
[236, 4, 46, 198, 237, 153, 133, 119, 171, 23]
