149412.4000000001
148358.58700000006
['5', '5', '50']
108.6430344581604
[64, 82, 120, 184, 234, 26, 233, 49, 235, 20, 232, 171, 106, 34, 151, 100, 84, 10, 167, 52, 149, 198, 145, 139, 152, 35, 125]
[19, 238, 33, 99, 110, 11, 215, 83, 194, 9, 101, 204, 148, 158, 25, 15, 183, 8, 2, 231, 123, 197]
[137, 230, 142, 75, 48, 112, 115, 88, 7, 17, 63, 24, 222, 173, 132, 31, 187, 180, 130, 119]
[80, 1, 192, 18, 159, 195, 214, 219, 38, 40, 143, 177, 131, 220, 208, 210, 3, 140, 78]
[150, 93, 60, 124, 213, 163, 207, 92, 22, 216, 54, 57, 43, 147, 44, 13, 161, 211, 68, 42, 191, 172, 190]
[28, 237, 209, 77, 37, 226, 29, 70, 165, 0, 45, 117, 201, 174, 212, 41, 217, 122, 104, 200, 228, 203]
[79, 74, 5, 47, 193, 221, 90, 136, 55, 138, 86, 23, 39, 30, 67, 95, 135, 144, 199, 155, 127, 58, 73]
[107, 154, 229, 59, 188, 21, 134, 94, 175, 169, 108, 164, 76, 27, 61, 133, 113, 85, 89, 225, 224, 126, 6, 218]
[153, 236, 206, 170, 97, 53, 69, 160, 186, 196, 182, 178, 116, 96, 50, 146, 105, 98, 176, 36, 111]
[81, 51, 181, 62, 103, 156, 91, 129, 239, 168]
[118, 128, 12, 46, 179, 223, 227, 16, 166, 102, 157, 87, 109, 114, 162, 189]
[72, 202, 205, 141, 66, 185, 71, 32, 4, 14, 65, 121, 56]
