138283.0650000003
132694.57800000045
['5', '50', '30']
215.99965405464172
[143, 34, 206, 42, 228, 85, 92, 102, 50, 45, 193, 77, 204, 1, 171, 227, 155, 109, 148, 35, 203, 162, 191, 59, 76, 96]
[10, 105, 99, 180, 214, 233, 82, 110, 177, 164, 93, 8, 201, 28, 11, 208, 130, 184, 121, 237, 160, 220, 173, 142, 158, 126]
[14, 57, 107, 53, 94, 145, 192, 41, 88, 38, 70, 196, 73, 124, 112, 80, 75, 125, 152, 165, 176, 33, 54, 141, 157, 48, 207, 81]
[74, 19, 7, 62, 169, 78, 183, 49, 213, 51, 37, 4, 238, 60, 156, 36, 170, 27, 150, 79, 89]
[153, 127, 181, 40, 198, 236, 197, 12, 32, 17, 219]
[185, 13, 104, 146, 9, 87, 3, 31, 195, 234, 163, 172, 194, 0, 231, 154, 64, 175, 166, 95]
[20, 132, 210, 111, 144, 39, 71, 115, 199, 2, 188, 98]
[56, 55, 69, 229, 212, 200, 44, 30, 114, 135, 136, 133, 159, 117, 65, 23, 189, 182, 113, 66, 29, 151]
[174, 215, 83, 149, 140, 216, 134, 15, 205, 161, 46, 61, 97, 18, 222, 123]
[202, 167, 118, 119, 21, 131, 24, 16, 120, 116, 52, 211, 190, 84, 168, 129, 187, 186, 224, 137, 106, 226]
[26, 90, 128, 91, 25, 139, 6, 86, 101, 138, 223, 100, 221, 218, 147, 103, 178, 72, 225, 47, 63, 58, 239, 209]
[235, 5, 230, 68, 179, 122, 217, 22, 108, 232, 67, 43]
