153985.0160000001
149069.76899999997
['5', '5', '30']
87.12931489944458
[183, 110, 13, 49, 54, 153, 174, 191, 235, 67, 162, 185, 36, 172, 130, 238, 169]
[30, 93, 127, 124, 187, 188, 132, 158, 225, 96, 39, 15, 236, 35, 4, 11, 192, 66, 190, 78, 136, 106, 22, 233]
[145, 17, 71, 135, 98, 222, 94, 99, 59, 28, 198, 143, 9, 101, 163, 64, 62, 76, 141, 24, 90, 75, 2, 50, 21, 177, 45]
[91, 34, 137, 103, 118, 92, 199, 38, 125, 200, 220, 227, 56, 48, 117, 161, 6, 85, 146, 69, 80, 140, 152, 189]
[226, 73, 139, 231, 151, 129, 168, 134, 3, 23, 10, 72, 18, 230, 237, 0, 122, 138, 171, 12, 107, 206, 142, 147, 179, 170]
[121, 112, 131, 232, 5, 180, 47, 201, 203, 155, 209, 58, 79, 84, 239, 229]
[197, 215, 63, 19, 181, 218, 164, 81, 44, 105, 219, 82, 70, 182, 213, 207, 228, 154, 32, 55, 26, 175, 148, 77, 234, 83, 216, 178, 100]
[202, 87, 208, 133, 88, 184, 217, 223, 29, 97, 57]
[52, 193, 40, 115, 156, 119, 31, 123, 186, 128, 150, 157, 41, 104, 167, 194, 149, 51, 116, 33, 221, 42, 43]
[53, 108, 27, 74, 144, 195, 120, 61, 1, 214, 20, 60, 113]
[65, 7, 212, 166, 159, 210, 109, 86, 205, 173, 165, 46, 114, 160, 211]
[95, 14, 126, 224, 68, 111, 16, 89, 196, 8, 102, 176, 37, 204, 25]
