138429.6449999998
136579.05299999996
['5', '20', '30']
117.53983759880066
[14, 92, 185, 94, 44, 4, 202, 121, 25, 170, 171, 53, 190, 152, 135, 16, 63, 203, 23, 81, 39, 158, 49]
[1, 64, 97, 21, 80, 233, 208, 176, 59, 159, 84, 71, 115, 230, 223, 9, 228, 234, 38, 173, 32, 175, 206]
[117, 33, 99, 161, 15, 19, 219, 215, 205, 195, 164, 82, 8, 113, 166, 3, 129]
[55, 160, 149, 88, 93, 74, 211, 146, 174, 216, 0, 50, 124, 154, 13, 229, 60, 52, 57, 45, 178, 36, 104, 179, 68, 123]
[142, 209, 79, 237, 111, 27, 118, 143, 112, 130, 137, 125, 132, 225, 232, 162, 46, 76, 87, 56, 204, 114, 147, 150]
[40, 78, 101, 186, 200, 181, 116, 134, 168, 2, 140, 107, 28, 126, 231, 238]
[73, 207, 221, 67, 172, 43, 69, 42, 155, 10, 169, 157, 194, 177, 218, 17, 30, 167, 102, 183]
[62, 72, 108, 210, 85, 188, 141, 31, 193, 5, 182, 103, 191, 224, 192, 128, 127, 133, 89, 7, 48, 119, 145, 220]
[98, 86, 212, 95, 139, 34, 29, 197, 51, 41, 91, 120, 122, 187, 165, 66, 198, 227, 12, 54, 96]
[65, 11, 217, 239, 83, 47, 214, 131, 90, 18, 138, 58, 196, 189, 156]
[201, 184, 26, 180, 35, 163, 70, 37, 110, 75, 153, 226, 222, 6, 20, 61, 136]
[106, 235, 151, 77, 199, 109, 105, 144, 100, 148, 22, 24, 213, 236]
