149691.72800000006
147050.6530000001
['10', '10', '20']
141.55809140205383
[95, 41, 60, 69, 197, 223, 211, 30, 239, 136, 84, 167, 235, 107, 49, 204, 163, 16, 142, 194, 181, 108, 22, 192, 159, 44, 199, 226, 24]
[25, 196, 56, 137, 122, 110, 165, 170, 100, 143, 227, 18, 152, 134, 214, 128, 57, 13, 115, 75, 62, 150, 14, 88]
[183, 81, 73, 80, 53, 158, 23, 38, 42, 7, 189, 229, 12, 2, 66, 117, 138, 101, 171, 218, 34, 46, 118, 79, 116]
[141, 215, 162, 45, 4, 154, 135, 175, 3, 220, 28, 54, 206, 93, 188, 180, 47, 8, 191, 21, 120, 58, 126]
[157, 114, 40, 32, 6, 76, 51, 5, 210, 92, 68, 19, 179, 195, 146, 153, 29, 131]
[222, 174, 36, 237, 205, 89, 15, 147, 103, 161, 27, 37, 55, 200, 35, 198, 178, 213, 201, 9, 48, 193, 190]
[176, 109, 71, 160, 127, 182, 20, 125, 67, 106, 96, 78, 169, 164, 1, 212, 112, 111, 207, 224, 119, 10, 156, 130, 97, 83]
[94, 236, 98, 202, 43, 132, 129, 144, 99, 186, 124, 61, 87, 0, 184, 72, 238]
[113, 155, 145, 187, 91, 39, 65, 230, 104, 166, 123, 231, 74, 52, 203, 168]
[64, 86, 217, 105, 11, 233, 177, 208, 216, 228, 50, 148]
[70, 225, 173, 121, 82, 232, 102, 219, 17, 63, 31, 59, 85, 172]
[221, 139, 90, 77, 133, 149, 33, 26, 185, 234, 151, 209, 140]
