143341.3290000006
138199.7300000006
['5', '20', '30']
121.51424479484558
[92, 45, 180, 206, 98, 40, 127, 111, 205, 166, 133, 91, 230]
[50, 137, 216, 228, 23, 188, 7, 32, 43, 53, 182, 178, 80, 16, 208, 156, 191, 42, 0, 238, 179, 118, 38]
[149, 24, 162, 77, 233, 190, 73, 140, 55, 193, 138, 158, 189, 29, 12, 175, 185, 128, 97, 87, 234, 78, 196, 142, 147]
[159, 47, 222, 100, 30, 15, 54, 63, 18, 28, 110, 141, 2, 124, 112, 237, 72, 200, 114, 126, 218, 103]
[170, 95, 44, 34, 199, 181, 229, 130, 60, 117, 84, 22, 198, 119, 187, 129, 31, 123, 211, 88, 195, 52, 101, 71, 202]
[148, 177, 5, 214, 139, 13, 173, 217, 10, 6, 86, 20, 157, 212, 39, 210, 1, 146, 48, 62, 108, 143, 225, 207, 109]
[56, 69, 106, 3, 135, 154, 115, 27, 8, 122, 164, 90, 102, 167, 176, 107, 183, 61, 172, 36, 74, 201, 132, 26]
[113, 231, 121, 227, 35, 68, 152, 76, 125, 204, 223, 203, 169, 79, 70, 192, 67, 81, 150, 145, 89, 134, 168, 21, 25, 197]
[239, 94, 105, 151, 82, 116, 220, 236, 75, 93, 19, 171, 11, 46, 153, 65, 4, 155, 51]
[174, 131, 235, 226, 49, 136, 59, 161, 83, 64, 37, 96, 85, 41]
[66, 221, 58, 209, 33, 224, 163, 104, 194, 215, 184, 144]
[17, 14, 57, 120, 186, 232, 165, 9, 160, 99, 219, 213]
