152111.29400000026
149526.1110000003
['5', '5', '50']
129.0167727470398
[105, 150, 166, 120, 187, 104, 17, 6, 193, 98, 51, 59, 8, 43, 163, 151, 197, 124, 127, 34, 93, 180, 88, 207, 56, 147]
[101, 236, 113, 108, 15, 135, 139, 76, 155, 96, 130, 85, 181, 25, 216, 114, 167, 117, 14, 123, 30, 57, 28, 218]
[182, 116, 39, 191, 211, 196, 109, 45, 128, 220, 94, 72, 185, 65, 228, 215, 161, 140, 99, 170, 178, 68, 146, 222, 234, 60, 156]
[47, 160, 75, 55, 171, 86, 79, 87, 186, 153, 110, 84, 195, 21, 226, 54]
[38, 62, 46, 229, 168, 9, 50, 95, 0, 198, 32, 175, 149, 100, 44, 179, 126, 172, 107, 103, 53, 159, 232]
[206, 89, 10, 92, 48, 74, 212, 152, 119, 194, 239, 58, 31, 162, 201, 19, 24, 80, 16, 82, 188, 52, 189, 138]
[36, 131, 70, 217, 174, 23, 83, 33, 210, 157, 233, 41, 145, 202, 13, 221, 164, 235, 78, 12, 148, 190, 214, 136]
[3, 122, 37, 102, 169, 177, 1, 129, 69, 141, 158, 144, 183, 205, 63, 27, 238, 192, 142, 40, 134, 22, 11]
[26, 132, 137, 112, 18, 64, 133, 173, 237, 121, 230, 225, 165]
[125, 35, 208, 73, 29, 118, 204, 106, 90, 5, 66, 200, 77, 154, 111, 115, 4, 91]
[224, 176, 209, 71, 42, 143, 219, 223, 184, 49, 67, 227]
[97, 61, 20, 7, 213, 2, 231, 81, 199, 203]
