150464.91600000023
150061.5750000002
['5', '10', '20']
129.79706072807312
[37, 193, 49, 226, 136, 91, 187, 41, 23, 123, 198, 174, 145, 16, 73, 59, 1, 137, 128, 113, 35]
[44, 67, 172, 139, 48, 127, 169, 81, 229, 42, 112, 124, 147, 183, 14, 17, 121, 166, 47, 72, 167, 12]
[180, 8, 222, 31, 82, 173, 63, 149, 77, 152, 100, 102, 208, 194, 85, 101, 105, 13, 200, 126, 203, 154, 176, 80, 18, 94, 158]
[10, 30, 88, 22, 212, 234, 71, 32, 177, 197, 211, 84, 95, 75, 70, 107, 196, 232, 87, 111, 109, 140, 96, 238]
[210, 21, 110, 161, 115, 227, 103, 133, 162, 165, 57, 168, 131, 144, 4, 58, 220, 237, 141, 92]
[19, 98, 68, 117, 54, 181, 9, 52, 135, 53, 150, 129, 190, 235, 224, 202, 26, 163, 3, 207, 142, 148, 33, 118, 24]
[60, 160, 83, 34, 221, 62, 195, 74, 223, 231, 108, 134, 151, 76, 5, 143, 120, 153, 66, 27]
[39, 43, 199, 214, 116, 36, 106, 192, 233, 122, 159, 114, 138, 189, 215, 157, 217, 175, 38, 132, 65, 204, 178, 146, 230, 2, 119]
[15, 93, 99, 28, 11, 218, 179, 209, 155, 164, 90, 7, 201, 156, 104, 225, 236, 61]
[239, 20, 6, 55, 170, 78, 56, 206, 69, 184, 182, 40]
[216, 171, 45, 205, 29, 51, 46, 186, 79, 64, 213]
[89, 50, 228, 185, 191, 130, 125, 219, 25, 86, 188, 0, 97]
