151445.58200000008
151265.4970000001
['5', '5', '50']
109.20868515968323
[178, 159, 217, 177, 60, 23, 216, 126, 197, 211, 34, 95, 239, 133, 171, 102, 144, 71, 20, 173, 121, 13]
[77, 105, 47, 156, 176, 85, 206, 123, 118, 155, 100, 56, 40, 32, 179, 127, 3, 112, 80, 153, 94]
[116, 141, 132, 43, 154, 78, 67, 227, 87, 45, 158, 222, 79, 93, 135, 11, 213, 235, 166, 163, 81, 18, 208, 104, 49]
[96, 74, 115, 75, 62, 143, 180, 8, 110, 57, 223, 2, 183, 19, 182, 145, 147, 124, 219, 91, 106, 66, 16]
[192, 142, 199, 117, 22, 53, 84, 88, 33, 181, 44, 89, 26, 107, 41, 188, 35, 185, 205, 48, 54, 214, 233, 198, 51, 193, 130, 1, 10, 207]
[200, 103, 108, 190, 195, 139, 151, 221, 38, 134, 63, 170, 5, 58, 4, 220, 224, 37, 120, 186]
[225, 209, 15, 99, 7, 86, 174, 90, 52, 27, 167, 125, 187, 68, 97, 168, 28, 92, 65, 175]
[189, 201, 231, 146, 191, 24, 55, 0, 152, 236, 36, 148, 172, 194, 111, 39, 113, 210, 230, 150, 238, 70, 119, 234, 212]
[59, 131, 226, 202, 29, 136, 14, 237, 109, 129, 169, 17]
[64, 228, 232, 140, 164, 83, 165, 184, 25, 6, 218, 137, 196]
[215, 9, 31, 161, 73, 149, 98, 162, 128, 82, 61, 160, 21]
[72, 114, 101, 12, 203, 42, 76, 69, 138, 204, 157, 30, 122, 229, 50, 46]
