144972.59000000005
144972.59000000005
['10', '10', '20']
194.16374850273132
[200, 168, 177, 77, 81, 149, 19, 131, 65, 162, 66, 172, 53, 155, 224, 40, 50, 88, 113]
[63, 235, 95, 74, 85, 121, 109, 41, 25, 214, 199, 192, 80, 47, 217, 171, 49, 122, 195, 0, 56, 228, 153, 215, 132, 13]
[237, 29, 202, 4, 60, 197, 193, 17, 42, 223, 78, 107, 102, 229, 104, 204, 152, 151, 7, 165, 220]
[35, 64, 216, 222, 146, 212, 36, 119, 231, 180, 159, 97, 185, 1, 156, 157, 208, 116, 158, 3, 72, 55]
[213, 198, 138, 18, 10, 186, 12, 67, 103, 115, 178, 76, 184, 160, 166, 196, 15, 99, 111, 110]
[86, 221, 23, 62, 207, 150, 2, 5, 79, 163, 219, 57, 22, 238, 61, 128, 105, 189, 27, 211, 182, 100, 143]
[14, 32, 154, 136, 91, 46, 181, 9, 173, 232, 11, 75, 89, 108, 130, 93, 101, 123, 73, 8, 139, 20, 82, 203]
[117, 38, 124, 84, 226, 43, 45, 179, 142, 147, 34, 33, 54, 68, 6, 44, 233, 70, 176, 218, 58, 98, 135]
[210, 48, 169, 148, 141, 239, 140, 190, 145, 133, 201, 87, 194, 69, 170, 30, 90, 188]
[167, 225, 96, 125, 21, 134, 205, 52, 227, 183, 31, 209, 114, 175]
[129, 144, 51, 164, 126, 26, 37, 234, 106, 174, 127, 28, 161, 120, 118]
[206, 137, 59, 71, 83, 16, 24, 94, 230, 39, 92, 112, 187, 191, 236]
