148432.63900000014
146559.96000000005
['5', '10', '20']
80.0482566356659
[3, 110, 34, 41, 233, 220, 116, 225, 143, 171, 48, 217, 0, 173, 191, 43, 55, 68, 181, 232, 113]
[8, 82, 31, 128, 20, 215, 36, 202, 63, 152, 70, 174, 167, 19, 92, 195, 49, 44, 56, 27, 103, 144, 197, 159, 117]
[81, 236, 219, 198, 230, 28, 127, 177, 124, 93, 209, 178, 201, 187, 119, 100, 148, 141, 37, 71, 154, 59, 222, 21, 67, 186, 33, 169, 32, 47, 157, 213]
[162, 235, 114, 79, 231, 185, 153, 172, 86, 133, 107, 179, 165, 84, 97, 238, 196, 137, 216, 94, 35]
[15, 156, 72, 25, 151, 149, 57, 69, 204, 182, 14, 105, 193, 138, 75, 170, 23, 118, 52, 6, 38, 26, 77, 18, 131]
[194, 134, 126, 53, 207, 10, 120, 40, 168, 104, 123, 175, 203, 80, 161, 208, 58, 214, 139, 62]
[99, 224, 190, 17, 16, 192, 12, 129, 147, 229, 11, 164, 130, 66, 61, 150, 132, 205, 60]
[83, 89, 189, 140, 46, 102, 239, 51, 78, 88, 98, 87, 64, 122, 90, 176, 155, 7, 85, 146, 111, 101, 145]
[73, 226, 42, 96, 106, 115, 29, 142, 218, 50, 184, 74, 1, 199]
[5, 9, 158, 54, 227, 237, 183, 160, 76, 221, 125, 30, 211]
[112, 121, 22, 180, 91, 109, 13, 136, 95, 45, 135, 163, 200, 234, 166]
[188, 210, 228, 223, 39, 4, 24, 212, 2, 108, 65, 206]
