361668.137
[123, 157, 444, 90, 58, 3, 21, 378, 324, 296, 387, 302, 137, 36, 285, 108, 266, 119, 11, 148, 333, 257, 64, 374, 293, 459]
[201, 232, 437, 95, 74, 332, 469, 435, 267, 45, 464, 250, 283, 309, 192, 240, 30, 178, 165, 46, 225, 151, 77, 455, 141]
[286, 216, 168, 434, 147, 341, 204, 164, 319, 375, 380, 150, 60, 18, 220, 120, 281, 152, 383, 39, 421, 474, 214, 376, 97, 428, 106]
[370, 132, 33, 423, 262, 7, 450, 199, 68, 160, 471, 47, 231, 463, 169, 173, 78, 107, 243, 272, 40, 217, 213, 131, 154, 230, 14, 417]
[330, 138, 202, 245, 126, 105, 478, 241, 369, 381, 453, 8, 352, 159, 172, 426, 124, 320, 0, 166, 100, 310, 338, 389, 349, 66, 278, 24]
[313, 477, 413, 5, 84, 446, 397, 465, 110, 176, 89, 386, 190, 290, 401, 268, 331, 153, 53, 43, 117, 31, 431, 306, 345, 439, 314, 414, 4, 38, 162]
[143, 94, 472, 65, 327, 167, 279, 394, 79, 207, 289, 436, 280, 96, 295, 2, 326, 303, 111, 228, 461, 55, 218, 382, 171, 412, 270, 104, 15, 265, 56, 32, 307, 248]
[372, 447, 99, 134, 336, 82, 1, 80, 27, 448, 209, 391, 300, 395, 350, 70, 114, 274, 470, 102, 59, 109, 317, 203, 57, 189, 184, 473, 420]
[452, 462, 429, 197, 146, 226, 259, 72, 128, 365, 468, 23, 351, 101, 229, 408, 348, 244, 113, 208, 92, 69, 466, 427, 130, 400]
[163, 188, 219, 142, 127, 234, 187, 277, 48, 86, 355, 206, 198, 156, 28, 476, 116, 237, 182, 242, 62, 61, 284, 410, 298, 35, 71, 371, 358, 396, 13, 235]
[344, 125, 174, 133, 282, 115, 390, 411, 425, 379, 315, 329, 129, 460, 357, 312, 233, 418, 16, 433]
[239, 354, 34, 85, 12, 415, 251, 479, 179, 291, 403, 195, 181, 361, 26, 340]
[299, 301, 322, 449, 212, 227, 19, 304, 409, 252, 334, 180, 258, 399, 393, 215, 170, 404, 402, 186, 346, 424, 325]
[194, 149, 42, 37, 122, 360, 17, 260, 93, 155, 139, 335, 253, 368, 454, 25, 367, 275, 308, 458, 419, 41, 451, 254]
[210, 221, 276, 50, 112, 359, 442, 263, 392, 211, 135, 67, 223]
[183, 311, 222, 356, 388, 440, 456, 177, 318, 88, 292, 264, 269, 236, 224, 29, 432, 422, 87, 366, 407, 161]
[445, 200, 339, 75, 398, 6, 405, 193, 103, 158, 316, 271, 83, 121, 438, 91, 52, 81, 261]
[191, 73, 76, 238, 406, 305, 118, 98, 353, 441, 249, 20, 51, 430, 343]
[205, 363, 49, 9, 144, 196, 457, 136, 337, 443, 140, 321, 247, 255, 347, 373, 377, 256, 145, 467]
[385, 185, 246, 362, 175, 288, 297, 416, 342, 384, 287, 323, 10, 294, 364, 54, 273, 475, 44, 22, 63, 328]
