142838.9839999997
138939.13599999968
['5', '20', '30']
147.9563479423523
[87, 223, 173, 164, 210, 200, 145, 11, 226, 106, 232, 180, 193, 158, 167, 221, 172, 120, 144, 58, 110, 175, 157, 170, 208, 119, 66, 140]
[128, 159, 84, 191, 83, 36, 113, 25, 209, 27, 86, 89, 30, 182, 230, 4, 152, 16, 9, 68, 220]
[131, 59, 111, 33, 74, 1, 78, 204, 202, 24, 29, 127, 177, 151, 218, 104, 43, 93, 124, 133, 6, 90, 67]
[105, 135, 129, 238, 163, 234, 146, 190, 195, 229, 233, 214, 225, 72, 48, 62, 188, 102, 222, 156, 94, 37, 70, 100, 181]
[77, 136, 44, 118, 117, 160, 142, 143, 207, 12, 213, 192, 201, 239, 57, 115, 98, 54]
[38, 147, 63, 150, 14, 174, 149, 42, 123, 125, 197, 56, 85, 34, 178, 165, 69, 116, 101, 161, 211, 99]
[39, 228, 237, 5, 217, 198, 32, 31, 95, 132, 130, 224, 148, 65, 20, 168, 8, 235, 22, 134, 215, 50]
[91, 171, 107, 203, 231, 155, 40, 19, 64, 121, 76, 26, 15, 141, 176, 60, 75, 183, 196, 21, 153]
[216, 46, 0, 23, 169, 17, 162, 189, 82]
[122, 73, 49, 10, 166, 205, 126, 97, 206, 79, 236, 219, 13, 139]
[92, 71, 103, 194, 61, 96, 3, 212, 199, 108, 51, 179, 80, 35, 154, 7, 55, 114, 81, 28, 184, 88, 52, 187]
[2, 185, 138, 227, 186, 41, 47, 109, 45, 53, 18, 112, 137]
