367450.5779999983
367450.5779999983
['2', '2', '30']
230.1584231853485
[452, 185, 111, 209, 374, 192, 475, 95, 120, 99, 23, 373, 391, 178, 64, 187, 155, 408, 224, 92, 84, 151, 30, 285, 422, 312, 393, 280, 287]
[26, 331, 122, 107, 194, 258, 124, 430, 33, 405, 283, 372, 427, 11, 351, 1, 114, 284, 135, 77, 162, 415, 29, 355, 75, 303, 356, 32, 60]
[222, 253, 314, 259, 189, 41, 293, 349, 335, 458, 48, 149, 104, 146, 265, 109, 27, 447, 65, 390, 465, 389, 22, 7, 269, 250]
[271, 315, 477, 14, 421, 313, 263, 199, 234, 347, 156, 43, 433, 291, 395, 10, 12, 81, 337, 362, 242, 217, 402, 377, 57]
[251, 119, 460, 203, 425, 76, 322, 411, 459, 329, 212, 205, 82, 441, 426, 406, 243, 55, 296, 85, 273, 369, 288, 66]
[241, 38, 344, 198, 255, 221, 80, 145, 325, 157, 297, 208, 204, 98, 140, 360, 321, 386, 136, 264, 279, 378, 260, 317, 62, 74, 213, 171, 254]
[275, 440, 53, 282, 175, 9, 457, 5, 132, 6, 177, 246, 471, 387, 398, 309, 19, 131, 443, 137, 434, 299, 400, 231, 310, 101, 449, 432]
[420, 324, 150, 340, 54, 168, 472, 28, 476, 78, 220, 188, 240, 319, 413, 72, 196, 367, 110, 153, 21, 267, 165, 88, 69, 37, 35, 93, 161, 352]
[197, 245, 206, 170, 417, 4, 126, 190, 394, 173, 363, 237, 47, 382, 235, 473, 268, 428, 474, 39, 463]
[301, 195, 59, 154, 79, 229, 336, 50, 330, 247, 388, 332, 278, 228, 306, 186, 304, 379, 357, 339, 214, 184, 24, 396, 370, 302, 172, 401, 13]
[424, 358, 292, 384, 158, 147, 361, 407, 193, 138, 49, 139, 455, 311, 143, 270, 290, 341, 348, 392, 232, 429, 308, 236, 272]
[397, 230, 448, 215, 365, 328, 179, 444, 61, 67, 112, 106, 412, 160, 200, 20, 323, 123, 462, 464, 103, 371, 327, 51, 334, 345]
[15, 108, 238, 435, 305, 17, 102, 276, 201, 469, 376, 359, 294, 249, 218, 289, 105, 326, 419, 431]
[404, 202, 244, 343, 25, 159, 468, 83, 403, 63, 70, 207, 68, 436, 261, 257, 445, 181, 252, 113, 239]
[470, 100, 307, 453, 115, 385, 166, 346, 183, 176, 416, 87, 219, 134, 423]
[318, 380, 40, 354, 225, 121, 227, 248, 164, 364, 226, 96, 130, 223, 350, 320, 117, 450]
[152, 383, 31, 52, 144, 18, 342, 274, 36, 8, 446, 94, 86, 45, 118, 3, 409, 44, 410]
[56, 368, 375, 46, 414, 366, 295, 478, 438, 180, 210, 281, 128, 456, 91, 256, 142, 418, 71, 0, 262, 316, 89, 16, 163, 127]
[174, 191, 141, 2, 34, 381, 129, 442, 167, 58, 216, 461, 211, 90, 286, 338, 439, 133, 73, 454, 169, 353]
[298, 466, 437, 42, 479, 451, 125, 182, 233, 399, 333, 266, 467, 148, 97, 277, 300, 116]
