364824.5399999996
[97, 451, 72, 28, 309, 340, 229, 7, 162, 269, 429, 249, 232, 47, 205, 463, 475, 138, 333, 435, 458, 20, 236, 128, 68, 377, 331, 94]
[464, 381, 198, 282, 450, 466, 302, 455, 358, 335, 187, 222, 153, 368, 195, 479, 19, 60, 42, 270, 286, 256, 329, 228, 89, 191, 149, 119, 379, 17, 283, 25, 102, 181, 3]
[336, 224, 140, 186, 445, 473, 362, 244, 382, 10, 354, 454, 301, 46, 155, 146, 334, 369, 459, 350, 194, 24]
[120, 359, 189, 371, 185, 246, 315, 317, 230, 204, 99, 446, 419, 100, 412, 173, 410, 164, 182, 104, 170, 64, 188, 342, 213]
[71, 346, 200, 311, 261, 387, 474, 361, 255, 298, 390, 96, 190, 126, 141, 62, 148, 408, 33, 312, 127, 332, 81, 115, 401, 260, 39, 85, 467, 289, 254, 384, 183, 136, 407, 292]
[27, 352, 227, 57, 133, 196, 310, 168, 131, 70, 443, 88, 376, 469, 427, 105, 442, 264, 116, 152, 360, 215, 294, 418, 51, 325, 23, 320, 259]
[125, 43, 234, 291, 84, 308, 207, 276, 347, 38, 90, 306, 258, 330, 12, 16, 4, 29, 404, 462, 193, 316, 112, 0, 240, 417, 262, 411, 59, 143, 355, 238, 448]
[323, 386, 470, 176, 144, 202, 171, 145, 321, 111, 137, 66, 124, 161, 6, 399, 22, 139, 82, 75, 396, 313, 252, 447, 380]
[203, 208, 266, 304, 156, 337, 449, 285, 58, 41, 413, 383, 209, 199, 30, 297, 206, 101, 2, 265, 92, 366, 77, 378, 248, 169, 177]
[277, 166, 453, 432, 73, 179, 14, 11, 163, 465, 52, 110, 74, 251, 405, 63, 21, 273, 13, 318, 172, 452, 392, 218, 403, 441, 400]
[151, 416, 93, 31, 471, 117, 284, 220, 211, 257, 216, 357, 1, 281, 142, 391, 253, 242, 79, 397, 67, 129, 351, 324, 40, 414, 130]
[178, 65, 430, 217, 175, 373, 87, 245, 472, 123, 157, 98, 118, 438, 307, 343, 328, 165, 55, 53, 275, 15]
[223, 327, 460, 214, 107, 437, 132, 468, 478, 424, 426, 237, 122, 385, 241, 121, 394, 5, 219, 18, 402, 167, 290, 434, 345]
[439, 9, 433, 69, 221, 80, 49, 364, 26, 423, 231, 36, 272, 409, 35, 440]
[477, 197, 431, 341, 184, 91, 48, 348, 363, 83, 226, 114, 314, 250, 247, 54, 271, 344, 398, 95]
[267, 150, 44, 274, 436, 406, 375, 37, 422, 278, 108, 353, 56, 287]
[305, 135, 225, 263, 456, 280, 365, 174, 367, 349, 370, 50, 212, 303, 374, 389, 461]
[444, 338, 476, 32, 61, 339, 239, 279, 158, 106, 86, 288, 76, 8, 388, 421]
[134, 45, 233, 295, 147, 78, 293, 159, 300, 34, 356, 415, 210, 299, 425, 180, 296, 235, 268]
[322, 243, 154, 457, 192, 428, 326, 393, 319, 201, 103, 109, 420, 113, 160, 372, 395]
