140193.36199999953
131881.1649999999
['5', '50', '30']
314.80190896987915
[198, 197, 143, 110, 115, 215, 233, 124, 28, 186, 81, 0, 34, 182, 27, 225, 174, 142, 90, 32, 49, 7, 118, 109, 105, 164, 178, 3, 45]
[213, 37, 226, 19, 120, 223, 181, 24, 157, 48, 222, 53, 188, 60, 190, 146, 160, 236, 122, 210, 218, 168, 59, 166, 135, 75, 136, 100]
[144, 67, 38, 125, 74, 91, 154, 200, 11, 97, 18, 95, 58, 112, 230, 237, 98, 108, 62, 217, 87, 167]
[172, 54, 158, 211, 9, 171, 40, 5, 2, 159, 216, 187]
[52, 35, 20, 23, 117, 185, 196, 235, 199, 56, 46, 177, 147, 145, 79, 137, 193, 163, 78, 43, 80, 156, 152]
[8, 36, 179, 151, 176, 63, 113, 204, 17, 169, 161, 1, 205, 191]
[107, 16, 138, 21, 153, 65, 6, 201, 13, 132]
[73, 88, 202, 61, 227, 150, 64, 195, 70, 238, 133, 165, 44]
[82, 219, 141, 129, 170, 94, 214, 89, 106, 47, 76, 139, 175, 26, 231, 134, 149, 33, 228, 25, 85, 121, 10, 50, 126, 194]
[14, 207, 140, 84, 83, 41, 68, 123, 180, 183, 116, 119, 162, 220, 93, 173]
[224, 212, 66, 96, 22, 102, 92, 130, 99, 234, 29, 239, 69, 86, 114, 128, 192, 221, 30, 51, 57, 127]
[203, 42, 12, 189, 208, 71, 101, 131, 232, 72, 15, 206, 104, 111, 229, 103, 77, 209, 39, 55, 31, 148, 155, 4, 184]
