154629.22400000025
149413.27100000027
['5', '5', '100']
206.0135943889618
[5, 133, 80, 87, 58, 204, 66, 68, 173, 176, 116, 137, 224, 233, 57, 225, 45, 215, 95, 14, 53]
[172, 162, 114, 213, 235, 187, 102, 54, 140, 22, 147, 70, 11, 229, 67, 38, 211, 189, 127, 237, 16, 30, 138, 186, 19]
[24, 143, 62, 120, 188, 33, 177, 41, 17, 40, 195, 207, 221, 223, 123, 119, 156, 2, 93, 219, 165, 158, 205, 183]
[8, 82, 49, 142, 28, 111, 153, 115, 96, 157, 236, 81, 106, 154, 13, 26, 164, 228, 97, 191, 47, 130, 39, 131]
[196, 84, 23, 179, 50, 218, 200, 51, 63, 167, 231, 105, 103, 9, 125, 89, 185, 197, 75, 227, 10, 56, 60, 86, 144, 77, 139, 91, 109, 146, 94, 152, 150]
[4, 92, 6, 107, 216, 126, 206, 148, 134, 210, 161, 222, 212, 36, 203, 121, 170, 232, 169, 18, 46, 194, 55, 122]
[27, 90, 136, 42, 25, 163, 160, 20, 0, 199, 48, 59, 135, 99, 208, 171, 43, 34, 32, 65, 74, 7]
[73, 178, 88, 201, 230, 217, 124, 110, 3, 1, 108, 149, 184]
[52, 181, 202, 141, 101, 159, 12, 31, 71, 104, 79, 175, 145, 234]
[21, 155, 83, 37, 226, 239, 220, 193, 118, 113, 214]
[72, 174, 190, 117, 168, 151, 61, 69, 238, 112, 15, 35]
[85, 98, 192, 44, 209, 76, 78, 128, 29, 166, 64, 182, 198, 132, 180, 100, 129]
